Sample	Library	End	Std	Pos	A	C	G	T	Total	G>A	C>T	A>G	T>C	A>C	A>T	C>G	C>A	T>G	T>A	G>C	G>T	A>-	T>-	C>-	G>-	->A	->T	->C	->G	S
*	*	3p	+	1	5059	7375	7117	6543	26094	1095	366	346	380	118	107	101	97	121	92	94	101	0	0	0	0	0	0	0	0	0
*	*	3p	+	2	6542	6182	6594	6776	26094	686	367	340	299	101	121	88	104	94	108	78	84	0	0	0	0	0	0	0	0	0
*	*	3p	+	3	7966	5730	5825	6573	26094	587	330	268	287	73	75	68	89	80	116	65	79	0	0	0	0	0	0	0	0	0
*	*	3p	+	4	6892	6263	5628	7311	26094	432	326	246	250	89	113	55	63	95	85	54	75	0	0	0	0	0	0	0	0	0
*	*	3p	+	5	6857	5753	5685	7762	26057	389	353	242	243	84	72	42	67	78	84	44	77	4	4	5	2	12	11	6	8	0
*	*	3p	+	6	7132	5761	5783	7364	26040	392	319	250	249	63	73	62	58	71	75	56	56	1	3	1	5	17	12	13	12	0
*	*	3p	+	7	7138	5973	5763	7176	26050	359	284	222	230	64	63	59	61	63	68	52	51	9	7	2	5	13	9	10	12	0
*	*	3p	+	8	7092	5859	6083	7019	26053	365	260	231	235	64	62	46	54	86	53	53	58	5	6	1	4	13	10	11	7	0
*	*	3p	+	9	7094	6155	6082	6725	26056	313	274	232	209	66	62	48	60	63	53	49	61	2	2	2	2	8	18	4	7	0
*	*	3p	+	10	6841	6204	6240	6771	26056	294	243	223	200	64	49	47	67	70	52	40	47	9	4	2	1	15	10	6	7	0
*	*	3p	+	11	6796	6138	6303	6828	26065	278	216	184	177	70	48	54	55	58	51	36	46	3	3	2	3	7	9	1	12	0
*	*	3p	+	12	6919	6072	6183	6896	26070	251	203	172	184	60	52	32	57	51	41	49	34	6	5	4	2	13	7	4	0	0
*	*	3p	+	13	6917	6145	6110	6907	26079	232	200	129	149	50	46	40	33	56	38	43	37	3	4	0	3	3	5	1	6	0
*	*	3p	+	14	6981	6095	6104	6897	26077	190	203	167	155	45	60	32	32	47	36	41	27	3	2	1	3	8	5	2	2	0
*	*	3p	+	15	6894	6086	6048	7057	26085	151	188	155	137	30	50	29	32	38	43	28	41	2	6	1	1	6	0	3	0	0
*	*	3p	+	16	6839	6114	5902	7232	26087	181	159	127	141	38	39	25	50	39	31	27	34	4	2	0	0	3	3	0	1	0
*	*	3p	+	17	6760	6077	6149	7096	26082	158	167	122	120	35	45	21	38	40	42	25	25	2	2	1	4	2	5	2	3	0
*	*	3p	+	18	6795	6153	6054	7083	26085	146	125	126	124	40	39	31	31	32	24	22	24	5	1	1	1	3	4	1	1	0
*	*	3p	+	19	6820	6181	6117	6967	26085	131	136	121	116	36	31	24	19	36	24	26	35	2	1	0	0	6	1	1	1	0
*	*	3p	+	20	6900	6248	6060	6881	26089	145	120	113	91	30	21	11	19	34	29	24	32	4	1	1	1	1	4	0	0	0
*	*	3p	+	21	6969	6152	6153	6812	26086	118	131	99	101	39	25	20	26	30	31	23	38	1	2	1	0	5	2	1	0	0
*	*	3p	+	22	6735	6368	6134	6852	26089	113	101	81	88	20	14	19	19	21	26	13	24	3	1	0	2	3	1	1	0	0
*	*	3p	+	23	7075	6171	5914	6924	26084	138	123	101	106	35	25	23	31	29	14	23	25	3	1	2	2	3	3	2	2	0
*	*	3p	+	24	7054	6194	5746	7094	26088	155	142	118	112	34	36	22	34	25	26	22	24	3	1	1	1	2	2	0	2	0
*	*	3p	+	25	7047	6038	5960	7041	26086	167	138	120	139	39	27	21	28	44	32	23	25	2	2	2	0	7	0	1	0	0
*	*	3p	+	26	6833	6157	6099	6995	26084	200	184	129	118	30	35	28	42	39	37	27	34	2	1	1	0	6	2	2	0	0
*	*	3p	+	27	6839	6206	5996	7033	26074	189	203	155	166	43	40	26	29	37	41	37	41	1	1	1	1	7	5	5	3	0
*	*	3p	+	28	6780	6246	6157	6901	26084	180	183	161	154	60	34	40	44	53	47	34	30	2	2	0	2	5	2	2	1	0
*	*	3p	+	29	6813	6188	6029	7053	26083	192	197	160	158	42	45	35	44	54	41	39	42	6	2	1	1	2	2	5	2	0
*	*	3p	+	30	6938	6238	6070	6841	26087	198	197	220	170	51	51	28	45	41	48	47	39	4	3	3	0	2	2	1	2	0
*	*	3p	+	31	6854	6246	6148	6840	26088	202	229	170	190	48	45	45	47	56	45	41	37	2	5	0	0	2	3	1	0	0
*	*	3p	+	32	6767	5766	5621	6492	24646	231	270	186	176	54	53	40	33	70	45	43	37	2	2	3	0	3	5	0	0	0
*	*	3p	+	33	6340	5356	5458	6078	23232	249	278	198	190	49	56	35	35	54	42	43	50	2	3	1	3	2	1	4	2	0
*	*	3p	+	34	6058	5228	5013	5584	21883	203	303	174	156	50	51	37	35	42	53	42	42	2	0	2	0	1	5	2	1	0
*	*	3p	+	35	5656	4791	4727	5487	20661	206	295	165	145	63	48	32	49	66	40	44	38	2	1	1	1	6	2	4	0	0
*	*	3p	+	36	5251	4645	4403	5163	19462	211	299	176	170	49	40	38	48	57	58	32	43	3	0	1	1	3	2	0	1	0
*	*	3p	+	37	4699	4428	4166	4823	18116	195	280	131	144	34	44	42	42	35	43	26	29	1	0	2	4	5	3	3	2	0
*	*	3p	+	38	4530	4030	3819	4494	16873	167	209	131	152	43	40	22	38	51	42	35	37	4	3	1	3	1	3	2	1	0
*	*	3p	+	39	4214	3641	3637	4115	15607	210	244	137	143	34	42	27	40	51	41	33	36	1	2	2	0	7	1	2	2	0
*	*	3p	+	40	3812	3585	3330	3770	14497	149	229	131	117	24	27	21	33	48	34	15	27	1	0	5	1	3	3	0	1	0
*	*	3p	+	41	3568	3229	3161	3548	13506	142	219	114	113	27	38	27	23	40	27	33	33	1	2	0	1	5	2	1	4	0
*	*	3p	+	42	3345	2991	2905	3314	12555	150	201	138	96	24	36	30	20	32	51	22	32	2	3	0	1	8	8	1	0	0
*	*	3p	+	43	3200	2800	2596	3094	11690	122	180	99	98	35	29	20	28	23	31	25	28	0	2	0	1	3	2	2	2	0
*	*	3p	+	44	3024	2528	2588	2827	10967	121	167	93	113	23	30	33	26	27	34	19	25	4	0	0	0	4	6	1	0	0
*	*	3p	+	45	2839	2416	2339	2677	10271	132	179	77	104	34	27	25	29	34	26	12	18	2	0	1	1	1	1	0	1	0
*	*	3p	+	46	2595	2384	2191	2446	9616	107	154	88	93	34	20	20	24	28	30	28	21	2	1	0	0	2	1	0	1	0
*	*	3p	+	47	2433	2116	2026	2354	8929	98	134	80	73	22	22	20	25	26	32	16	28	0	1	0	1	2	3	0	1	0
*	*	3p	+	48	2209	1972	1966	2149	8296	95	135	82	75	29	18	18	22	11	27	14	22	1	2	2	0	0	1	1	1	0
*	*	3p	+	49	2056	1880	1786	2007	7729	94	127	69	70	16	17	17	22	18	22	16	18	0	1	1	2	2	3	1	1	0
*	*	3p	+	50	1903	1738	1607	1895	7143	87	138	61	61	20	12	12	18	19	21	19	29	0	1	0	1	1	1	0	1	0
*	*	3p	+	51	1782	1619	1516	1708	6625	78	122	55	65	11	16	11	18	14	22	8	18	1	1	1	0	1	0	0	0	0
*	*	3p	+	52	1626	1516	1465	1582	6189	74	124	57	57	14	11	6	12	14	21	15	17	2	0	0	1	1	1	2	0	0
*	*	3p	+	53	1565	1331	1338	1515	5749	88	109	58	48	12	16	13	17	22	11	11	26	0	1	0	0	1	3	2	1	0
*	*	3p	+	54	1469	1243	1218	1439	5369	72	96	37	47	23	11	14	14	19	15	18	15	0	0	0	0	2	2	0	1	0
*	*	3p	+	55	1397	1196	1140	1303	5036	51	77	43	53	18	17	7	10	18	11	15	12	1	1	0	0	1	2	0	1	0
*	*	3p	+	56	1299	1094	1062	1270	4725	68	99	53	51	10	19	11	11	10	18	9	14	1	0	2	0	2	4	0	1	0
*	*	3p	+	57	1156	1045	1025	1215	4441	45	77	42	39	13	15	11	15	11	13	10	13	0	0	0	1	1	1	0	0	0
*	*	3p	+	58	1123	1032	922	1093	4170	45	89	40	45	12	6	7	10	11	12	12	8	0	0	0	0	2	0	3	1	0
*	*	3p	+	59	1058	898	902	1000	3858	47	69	42	30	9	10	5	11	11	8	11	12	1	0	0	0	1	1	0	2	0
*	*	3p	+	60	991	892	811	908	3602	36	72	38	28	8	7	7	10	9	10	2	18	2	0	2	1	3	2	1	0	0
*	*	3p	+	61	931	779	746	884	3340	37	65	39	34	16	14	8	9	7	11	4	9	0	2	0	0	2	0	0	3	0
*	*	3p	+	62	864	740	711	820	3135	61	59	25	26	8	15	7	7	7	10	9	10	1	1	1	3	1	1	1	0	0
*	*	3p	+	63	757	726	689	760	2932	33	71	25	30	9	10	5	8	8	12	9	9	3	0	1	1	1	1	1	1	0
*	*	3p	+	64	700	688	652	738	2778	30	53	39	21	5	5	6	6	5	7	6	7	1	0	0	1	0	0	3	0	0
*	*	3p	+	65	687	619	605	711	2622	31	55	25	27	9	11	7	6	5	9	12	7	0	1	1	0	0	2	0	1	0
*	*	3p	+	66	672	615	531	641	2459	27	52	30	20	8	10	7	9	8	6	5	7	1	1	0	0	2	0	1	0	0
*	*	3p	+	67	612	563	555	583	2313	36	41	26	18	7	11	8	7	5	4	3	9	0	0	1	1	0	0	1	3	0
*	*	3p	+	68	567	508	525	565	2165	25	37	16	20	6	10	6	10	2	0	4	6	1	0	0	0	3	0	2	1	0
*	*	3p	+	69	549	503	445	539	2036	24	39	25	21	9	6	4	7	2	11	7	3	2	1	1	0	3	1	2	0	0
*	*	3p	+	70	512	450	456	515	1933	20	32	19	13	8	7	4	4	6	15	2	5	1	1	1	0	2	0	1	1	0
*	*	3p	-	1	5043	7216	7180	6495	25934	1084	383	336	379	147	93	95	109	126	127	97	85	0	0	0	0	0	0	0	0	0
*	*	3p	-	2	6421	5983	6734	6792	25930	716	342	316	292	114	95	75	82	92	91	60	94	0	0	0	0	2	1	0	1	0
*	*	3p	-	3	7970	5465	5996	6489	25920	574	337	262	271	88	112	70	105	80	124	62	84	0	1	0	0	7	3	4	0	0
*	*	3p	-	4	6745	6063	5710	7383	25901	440	337	283	251	104	98	55	86	75	83	57	90	0	3	1	0	10	16	4	3	0
*	*	3p	-	5	6914	5629	5850	7469	25862	405	374	240	219	74	92	59	61	83	78	60	81	1	2	4	1	15	34	13	10	0
*	*	3p	-	6	7009	5633	5857	7375	25874	417	323	253	237	62	82	53	71	70	63	53	53	9	5	1	1	19	18	8	15	0
*	*	3p	-	7	6918	5911	5916	7144	25889	357	300	239	209	75	73	50	60	85	65	47	66	9	5	3	3	13	14	6	12	0
*	*	3p	-	8	7116	5771	6209	6793	25889	359	266	249	210	67	60	49	60	68	55	54	60	5	5	0	5	14	8	15	8	0
*	*	3p	-	9	6944	6048	6110	6803	25905	306	293	220	228	81	50	60	57	57	68	51	50	2	2	4	3	7	10	8	4	0
*	*	3p	-	10	6668	6195	6358	6683	25904	286	238	212	199	52	57	55	47	58	37	40	41	6	2	1	5	15	8	5	2	0
*	*	3p	-	11	6762	5951	6518	6678	25909	274	233	206	209	61	65	54	41	53	38	41	46	5	3	1	0	8	2	2	13	0
*	*	3p	-	12	6946	5948	6194	6832	25920	234	189	177	179	55	55	49	47	47	46	44	44	2	3	1	3	7	1	3	3	0
*	*	3p	-	13	6775	6116	6100	6936	25927	228	204	149	139	49	50	42	47	54	57	38	43	4	2	1	2	1	1	0	5	0
*	*	3p	-	14	6880	5926	6057	7067	25930	208	219	167	164	39	50	33	37	43	39	31	31	2	3	2	2	1	2	1	0	0
*	*	3p	-	15	6971	5769	6147	7044	25931	197	173	147	165	50	47	25	34	52	35	32	38	4	2	1	2	0	1	1	1	0
*	*	3p	-	16	6870	6078	6059	6927	25934	181	178	131	115	36	51	32	33	48	31	26	36	2	4	2	0	0	0	0	0	0
*	*	3p	-	17	6728	5971	6127	7102	25928	165	141	136	113	34	29	32	23	31	22	30	35	0	2	3	1	1	3	2	0	0
*	*	3p	-	18	6964	5906	6191	6871	25932	183	143	135	104	22	35	24	29	36	24	26	33	2	1	2	0	1	0	1	0	0
*	*	3p	-	19	6769	6285	6236	6641	25931	152	123	86	85	34	30	19	20	40	32	24	28	1	1	1	1	1	1	0	1	0
*	*	3p	-	20	6711	6126	6385	6710	25932	148	137	91	112	28	27	21	25	28	26	22	33	2	2	3	3	0	2	0	0	0
*	*	3p	-	21	6774	6092	6307	6756	25929	122	126	86	89	25	25	23	14	33	27	24	22	0	1	1	3	3	1	1	0	0
*	*	3p	-	22	6722	6107	6182	6916	25927	114	113	93	106	25	32	14	26	19	32	20	25	2	4	2	0	1	3	1	2	0
*	*	3p	-	23	7031	6032	6021	6844	25928	124	110	91	96	24	27	25	25	27	23	19	31	1	6	1	3	0	3	1	2	0
*	*	3p	-	24	7040	5956	5993	6938	25927	136	146	127	99	25	33	29	30	43	28	29	42	3	2	3	1	2	4	1	0	0
*	*	3p	-	25	6895	5985	6011	7034	25925	131	152	115	110	31	31	28	27	47	30	24	35	4	3	1	0	3	3	2	1	0
*	*	3p	-	26	6828	5914	6206	6977	25925	153	174	130	110	31	35	24	30	36	40	39	38	0	3	1	0	2	4	1	2	0
*	*	3p	-	27	6882	6079	5985	6983	25929	173	177	163	141	45	43	25	34	44	35	34	41	2	3	1	1	1	4	0	0	0
*	*	3p	-	28	6686	6251	6081	6908	25926	182	179	174	161	42	30	23	37	34	44	31	48	2	4	0	2	4	3	1	0	0
*	*	3p	-	29	6814	5980	6198	6928	25920	191	160	165	174	42	46	37	36	34	40	26	41	1	2	0	2	3	7	2	2	0
*	*	3p	-	30	6940	6075	6075	6835	25925	205	222	177	173	65	45	47	47	52	41	29	56	2	4	0	1	1	7	0	1	0
*	*	3p	-	31	6849	6061	6327	6684	25921	254	203	190	189	61	54	46	39	45	63	30	50	1	2	0	2	4	6	1	2	0
*	*	3p	-	32	6686	5643	5725	6476	24530	223	320	190	199	47	54	31	46	59	56	25	55	3	5	0	0	4	0	3	1	0
*	*	3p	-	33	6477	5422	5237	6096	23232	247	296	192	195	42	56	32	44	45	40	48	62	5	1	1	1	3	4	0	1	0
*	*	3p	-	34	5957	5122	5122	5754	21955	241	286	162	178	52	52	47	43	36	45	31	50	3	2	4	1	1	4	2	2	0
*	*	3p	-	35	5786	4708	4823	5397	20714	208	309	167	157	53	53	37	33	46	50	33	58	2	5	1	2	1	4	2	2	0
*	*	3p	-	36	5342	4491	4540	5116	19489	239	272	160	158	67	50	38	38	46	37	47	55	2	2	3	0	5	2	1	4	0
*	*	3p	-	37	4820	4445	4216	4667	18148	183	292	158	162	61	58	33	41	46	49	44	49	2	5	3	0	1	3	4	1	0
*	*	3p	-	38	4396	3978	3934	4566	16874	165	262	144	147	27	42	29	28	52	49	35	49	2	2	4	2	1	1	1	0	0
*	*	3p	-	39	4142	3723	3673	4060	15598	179	245	133	134	48	37	29	30	44	33	34	37	1	2	0	3	1	3	0	2	0
*	*	3p	-	40	3811	3407	3425	3772	14415	140	239	96	95	28	33	21	30	33	32	26	29	3	0	1	4	3	2	1	1	0
*	*	3p	-	41	3578	3116	3193	3556	13443	137	196	119	111	32	31	32	35	51	37	25	30	1	1	1	2	2	1	1	2	0
*	*	3p	-	42	3313	2912	2957	3224	12406	143	206	121	102	35	33	25	26	37	30	18	30	1	3	2	0	2	1	3	2	0
*	*	3p	-	43	3223	2740	2706	2929	11598	129	206	92	109	29	28	25	18	24	25	26	39	1	2	2	2	3	1	0	1	0
*	*	3p	-	44	3068	2556	2390	2872	10886	104	159	94	104	29	18	15	27	29	25	17	17	0	2	1	3	0	2	0	1	0
*	*	3p	-	45	2821	2370	2367	2621	10179	113	167	92	92	34	31	21	29	23	27	8	32	1	3	4	1	3	6	1	0	0
*	*	3p	-	46	2555	2251	2186	2593	9585	113	166	70	95	22	25	16	21	24	30	17	28	1	1	1	3	1	3	0	1	0
*	*	3p	-	47	2492	2112	2015	2290	8909	82	159	106	74	25	30	16	28	25	16	15	31	4	2	0	2	1	1	5	1	0
*	*	3p	-	48	2268	1865	1957	2202	8292	91	123	75	55	39	27	19	19	26	25	18	25	2	2	1	0	3	1	2	3	0
*	*	3p	-	49	2082	1808	1774	2011	7675	87	138	52	69	22	22	24	16	31	22	9	23	2	2	1	0	0	2	1	1	0
*	*	3p	-	50	1911	1702	1652	1862	7127	68	137	69	51	17	21	15	23	9	20	14	17	1	2	1	0	4	0	3	1	0
*	*	3p	-	51	1786	1504	1614	1701	6605	87	103	57	64	19	22	10	10	14	20	9	20	0	0	0	0	3	2	0	0	0
*	*	3p	-	52	1580	1541	1392	1618	6131	79	114	58	55	16	10	19	15	9	19	8	11	0	1	1	1	1	2	1	0	0
*	*	3p	-	53	1615	1278	1316	1492	5701	82	97	60	56	17	18	9	7	22	7	11	12	1	0	0	0	4	2	2	0	0
*	*	3p	-	54	1427	1264	1223	1426	5340	68	104	55	42	10	15	9	12	22	10	11	21	1	0	1	0	1	3	1	0	0
*	*	3p	-	55	1322	1167	1158	1364	5011	59	80	41	48	10	28	7	10	19	18	11	16	0	1	3	0	3	1	1	0	0
*	*	3p	-	56	1260	1108	1125	1217	4710	56	80	39	40	12	11	12	13	5	8	6	9	0	0	1	0	3	1	1	2	0
*	*	3p	-	57	1170	1010	1074	1201	4455	45	68	52	60	10	23	10	12	6	13	11	13	0	0	0	0	1	3	1	1	0
*	*	3p	-	58	1108	955	1000	1103	4166	54	68	41	43	10	10	7	10	6	11	12	8	0	2	0	0	2	4	1	1	0
*	*	3p	-	59	1021	904	902	1028	3855	43	73	28	33	8	16	10	11	12	13	6	10	0	0	0	0	5	1	3	1	0
*	*	3p	-	60	983	840	824	948	3595	43	58	43	25	13	8	6	5	13	8	9	15	1	1	0	2	2	1	2	1	0
*	*	3p	-	61	859	861	773	871	3364	37	64	23	30	14	6	6	8	7	12	9	9	1	0	1	0	2	0	1	0	0
*	*	3p	-	62	792	731	777	839	3139	34	59	27	33	4	11	9	8	11	9	8	8	1	0	0	0	1	0	1	1	0
*	*	3p	-	63	808	672	662	817	2959	30	51	33	39	7	4	5	10	11	6	6	11	1	0	0	2	1	1	3	1	0
*	*	3p	-	64	803	638	626	737	2804	39	47	34	21	7	12	4	5	1	8	7	10	0	2	0	0	0	3	1	3	0
*	*	3p	-	65	722	613	613	692	2640	35	53	25	28	7	8	5	7	10	9	4	7	0	0	0	0	2	1	0	1	0
*	*	3p	-	66	671	604	561	642	2478	34	56	27	18	6	8	6	7	7	9	3	7	0	2	0	0	0	2	0	2	0
*	*	3p	-	67	641	534	511	606	2292	30	40	18	24	9	8	9	8	8	4	5	8	1	1	0	0	1	1	1	0	0
*	*	3p	-	68	581	508	499	582	2170	25	30	19	18	8	10	1	3	8	13	7	4	1	0	0	0	0	0	1	2	0
*	*	3p	-	69	557	459	475	575	2066	24	36	18	22	5	11	6	3	10	6	5	5	1	1	0	0	1	2	0	3	0
*	*	3p	-	70	537	450	465	510	1962	23	32	27	26	7	12	2	3	6	5	6	7	0	0	0	0	2	0	2	2	0
*	*	5p	+	1	6700	7311	6835	5248	26094	314	890	319	252	93	73	73	68	106	100	89	92	0	0	0	0	0	0	0	0	0
*	*	5p	+	2	6858	6680	6101	6450	26089	289	543	282	276	79	83	65	73	87	79	54	80	0	0	0	0	0	0	0	0	0
*	*	5p	+	3	6790	5879	5495	7921	26085	288	509	222	247	85	98	57	64	80	74	61	98	1	0	0	0	3	3	1	1	0
*	*	5p	+	4	7275	5909	6098	6793	26075	310	477	269	226	68	78	56	70	78	84	59	64	3	1	0	0	13	4	0	2	0
*	*	5p	+	5	7468	5941	5787	6829	26025	312	426	211	218	64	75	38	68	79	74	43	59	1	4	2	3	27	19	12	10	0
*	*	5p	+	6	7496	5842	5772	6927	26037	315	404	236	221	65	64	54	69	67	71	58	61	6	4	3	5	13	20	15	9	0
*	*	5p	+	7	7283	5911	5852	6997	26043	297	351	220	214	65	61	47	65	60	43	52	52	4	5	2	2	17	17	13	4	0
*	*	5p	+	8	6857	6267	5809	7129	26062	257	287	190	174	55	59	38	47	57	50	51	52	6	0	6	0	14	5	6	7	0
*	*	5p	+	9	6934	6260	5872	7002	26068	210	274	165	182	39	46	48	36	58	50	44	37	4	3	3	1	8	8	6	4	0
*	*	5p	+	10	6832	6342	6061	6837	26072	191	211	155	167	37	34	34	33	45	51	24	37	1	3	2	2	4	10	6	2	0
*	*	5p	+	11	6754	6420	6067	6837	26078	184	197	163	154	39	33	31	31	44	53	38	37	5	2	2	1	5	1	5	5	0
*	*	5p	+	12	6805	6258	6020	7002	26085	189	217	152	164	52	43	33	39	47	44	33	42	0	3	0	1	3	3	2	1	0
*	*	5p	+	13	7039	6190	5992	6865	26086	166	196	138	136	48	39	29	46	43	42	33	36	3	2	1	2	2	2	1	3	0
*	*	5p	+	14	7060	6209	5810	7006	26085	205	216	138	137	45	38	30	24	42	41	26	37	3	4	1	2	1	4	2	2	0
*	*	5p	+	15	7084	6104	5925	6971	26084	168	202	141	145	47	44	22	51	31	46	18	35	2	2	1	1	5	1	3	1	0
*	*	5p	+	16	6921	6074	6033	7052	26080	156	148	125	130	42	31	28	29	28	47	21	34	6	2	2	1	9	2	2	1	0
*	*	5p	+	17	6872	6291	6063	6863	26089	128	122	94	98	30	28	23	22	35	21	23	16	2	0	3	1	1	0	0	4	0
*	*	5p	+	18	6982	6187	6094	6825	26088	93	145	113	88	30	28	24	26	33	29	24	19	0	1	0	2	1	3	0	2	0
*	*	5p	+	19	6782	6247	6235	6828	26092	95	98	85	87	18	20	13	22	25	21	19	22	2	4	1	2	1	1	0	0	0
*	*	5p	+	20	6847	6326	6084	6831	26088	106	131	81	86	28	17	10	16	21	19	16	15	2	3	0	0	2	0	2	2	0
*	*	5p	+	21	6934	6359	5971	6820	26084	90	129	83	81	21	22	20	14	20	20	20	18	1	2	0	0	5	2	1	2	0
*	*	5p	+	22	6910	6111	6095	6969	26085	87	87	60	72	22	24	19	15	15	19	16	13	1	3	0	2	6	3	0	0	0
*	*	5p	+	23	6885	6153	5945	7092	26075	222	207	172	176	49	50	34	48	49	49	40	33	4	4	2	1	7	4	2	6	0
*	*	5p	+	24	6997	5923	6093	7074	26087	190	239	179	190	52	56	42	51	54	41	39	44	7	4	1	2	6	1	0	0	0
*	*	5p	+	25	6924	6003	6034	7126	26087	185	175	180	146	41	32	26	33	37	33	46	25	6	6	0	0	2	2	2	1	0
*	*	5p	+	26	6873	6093	6055	7061	26082	207	236	173	173	52	49	38	47	46	57	36	52	4	1	0	1	2	5	3	2	0
*	*	5p	+	27	6905	6080	6147	6946	26078	235	232	173	169	51	42	49	46	53	42	40	44	3	0	1	3	6	6	2	2	0
*	*	5p	+	28	6885	6318	6025	6853	26081	182	200	142	143	55	38	30	37	57	37	19	31	2	2	2	2	6	5	1	1	0
*	*	5p	+	29	6907	6240	5985	6952	26084	187	188	184	179	47	58	40	48	56	33	33	32	6	1	3	3	2	5	3	0	0
*	*	5p	+	30	7093	6140	6088	6762	26083	273	222	227	213	72	54	44	57	51	56	40	38	0	3	1	0	6	2	1	2	0
*	*	5p	+	31	6933	6179	6030	6935	26077	243	239	225	225	67	59	43	49	63	50	41	58	3	1	1	1	11	1	2	3	0
*	*	5p	+	32	6445	5930	5609	6657	24641	390	285	237	217	63	54	53	46	80	55	43	64	0	1	1	2	8	2	2	1	0
*	*	5p	+	33	6281	5293	5364	6292	23230	322	268	219	220	80	70	46	60	52	52	42	49	1	2	1	2	5	1	2	3	0
*	*	5p	+	34	5774	5053	4998	6054	21879	317	245	174	183	49	67	32	56	46	53	39	48	3	1	1	1	3	5	1	4	0
*	*	5p	+	35	5357	4836	4738	5730	20661	300	210	171	193	53	52	34	56	57	64	38	39	3	2	2	1	6	2	4	1	0
*	*	5p	+	36	5086	4558	4513	5300	19457	286	196	175	145	51	50	43	46	56	43	43	48	1	4	1	2	2	3	5	2	0
*	*	5p	+	37	4581	4339	4367	4835	18122	265	201	150	146	39	50	35	45	54	41	30	50	4	1	2	1	2	4	0	1	0
*	*	5p	+	38	4290	4082	3978	4520	16870	257	185	153	156	44	36	32	40	41	37	30	40	2	3	3	0	2	2	3	3	0
*	*	5p	+	39	3999	3653	3813	4145	15610	286	175	161	168	55	53	31	36	46	50	43	32	3	0	0	3	1	2	4	2	0
*	*	5p	+	40	3799	3422	3440	3841	14502	280	166	131	147	47	37	35	39	44	46	45	34	3	0	0	1	0	0	0	3	0
*	*	5p	+	41	3483	3221	3202	3605	13511	223	180	142	163	49	33	35	37	44	52	37	38	2	1	1	3	3	1	1	2	0
*	*	5p	+	42	3321	2945	2914	3383	12563	214	170	133	137	45	43	28	34	33	31	27	28	3	2	0	2	6	3	1	0	0
*	*	5p	+	43	3137	2689	2733	3130	11689	208	123	123	94	29	37	31	28	44	36	24	33	3	1	3	1	5	5	0	1	0
*	*	5p	+	44	2832	2653	2569	2916	10970	193	137	111	97	30	23	18	30	27	35	23	27	0	3	0	2	4	1	2	2	0
*	*	5p	+	45	2759	2322	2450	2735	10266	201	134	84	101	30	34	23	32	36	30	21	22	2	1	1	1	3	1	1	3	0
*	*	5p	+	46	2526	2277	2223	2590	9616	186	112	73	84	21	16	19	25	29	23	18	30	3	1	0	1	1	0	1	2	0
*	*	5p	+	47	2334	2102	2116	2376	8928	172	98	88	84	21	22	21	33	22	23	22	24	2	1	1	0	1	3	0	3	0
*	*	5p	+	48	2259	1825	2017	2186	8287	136	93	72	81	26	26	21	23	26	23	19	25	2	2	0	2	5	2	1	4	0
*	*	5p	+	49	2029	1813	1836	2047	7725	147	104	78	64	18	15	10	24	22	28	10	13	1	0	0	1	4	3	1	4	0
*	*	5p	+	50	1894	1773	1634	1842	7143	150	107	99	56	18	23	20	28	25	21	19	21	2	2	1	1	0	0	0	2	0
*	*	5p	+	51	1755	1509	1589	1768	6621	137	82	80	65	19	26	24	11	19	25	12	10	2	1	1	2	2	1	2	0	0
*	*	5p	+	52	1693	1406	1416	1674	6189	109	79	51	53	17	17	19	20	13	18	11	17	1	1	0	1	1	1	1	1	0
*	*	5p	+	53	1496	1364	1349	1541	5750	115	81	71	54	11	15	9	16	20	25	15	15	2	0	0	0	2	2	2	0	0
*	*	5p	+	54	1364	1233	1279	1491	5367	116	80	57	48	19	17	11	11	18	13	18	12	0	1	0	0	2	3	2	0	0
*	*	5p	+	55	1331	1212	1154	1339	5036	89	58	30	52	12	24	11	13	16	12	11	11	0	1	1	0	0	2	1	1	0
*	*	5p	+	56	1266	1061	1107	1292	4726	100	62	32	48	16	17	7	13	17	16	9	13	1	1	0	0	2	2	1	1	0
*	*	5p	+	57	1166	990	1072	1208	4436	84	60	47	50	13	16	9	10	14	18	11	12	1	0	0	0	0	3	2	2	0
*	*	5p	+	58	1097	921	1013	1138	4169	76	47	29	39	9	23	14	11	13	10	10	16	0	1	0	1	3	3	1	0	0
*	*	5p	+	59	1031	892	918	1016	3857	82	62	44	55	9	8	13	7	12	15	5	18	0	0	1	0	2	2	1	0	0
*	*	5p	+	60	918	876	843	968	3605	73	53	27	31	8	16	8	13	14	10	12	9	1	0	0	2	2	0	1	0	0
*	*	5p	+	61	903	807	768	863	3341	66	44	37	27	6	11	9	9	11	3	5	9	0	0	2	1	1	3	0	0	0
*	*	5p	+	62	819	755	746	817	3137	58	43	30	19	8	11	5	11	8	12	5	18	0	1	0	0	1	0	0	0	0
*	*	5p	+	63	773	672	695	794	2934	57	43	25	29	10	9	10	8	8	10	12	5	2	0	0	1	1	1	0	0	0
*	*	5p	+	64	736	642	659	743	2780	53	32	18	28	9	9	4	9	11	8	7	11	0	1	0	0	0	1	0	0	0
*	*	5p	+	65	715	600	610	696	2621	37	39	31	20	8	6	5	5	8	10	5	6	0	1	2	1	2	1	0	1	0
*	*	5p	+	66	671	531	598	659	2459	43	36	24	26	9	5	4	5	12	9	10	5	0	1	0	1	0	2	1	0	0
*	*	5p	+	67	620	576	536	583	2315	47	27	26	19	8	6	8	6	6	7	4	9	0	0	0	0	1	0	1	0	0
*	*	5p	+	68	568	477	521	604	2170	41	30	20	25	7	8	5	6	8	11	9	4	2	0	0	0	0	1	0	0	0
*	*	5p	+	69	525	486	476	552	2039	33	25	20	17	9	10	3	5	7	11	2	6	0	1	0	0	1	2	0	0	0
*	*	5p	+	70	529	457	433	517	1936	40	20	24	25	3	10	4	6	5	2	8	2	0	1	1	0	1	0	0	0	0
*	*	5p	-	1	6649	7020	7123	5142	25934	295	880	300	244	106	93	75	64	89	93	88	93	0	0	0	0	0	0	0	0	0
*	*	5p	-	2	6687	6544	6191	6506	25928	281	600	233	248	83	89	63	59	83	86	45	87	0	0	0	0	0	0	0	0	0
*	*	5p	-	3	6816	5737	5641	7740	25934	321	506	240	250	82	112	58	65	83	78	64	99	0	0	0	0	0	0	0	0	0
*	*	5p	-	4	7342	5635	6195	6762	25934	321	392	260	225	67	70	50	58	73	98	51	78	0	0	0	0	0	0	0	0	0
*	*	5p	-	5	7448	5794	5709	6940	25891	274	377	229	249	63	71	48	59	60	81	39	67	3	3	3	0	12	9	12	9	0
*	*	5p	-	6	7255	5805	5807	7024	25891	301	344	257	259	82	71	54	50	74	77	53	66	3	2	5	2	12	14	5	12	0
*	*	5p	-	7	7262	5713	5873	7041	25889	283	356	240	188	60	80	45	64	56	50	54	70	6	2	4	2	9	16	12	8	0
*	*	5p	-	8	6958	6115	5786	7031	25890	237	270	171	195	59	60	40	57	57	44	36	60	4	5	3	3	11	14	7	12	0
*	*	5p	-	9	6826	6216	5924	6936	25902	218	288	177	176	43	39	41	52	53	38	40	49	3	2	2	4	9	10	10	3	0
*	*	5p	-	10	6745	6113	6116	6930	25904	179	219	162	143	51	43	28	37	45	57	34	37	5	2	2	2	6	11	2	11	0
*	*	5p	-	11	6742	6332	6094	6738	25906	150	205	147	135	54	30	42	44	43	29	30	57	1	6	2	3	9	8	8	3	0
*	*	5p	-	12	6785	6136	6180	6805	25906	204	208	150	161	36	42	26	44	56	46	33	41	1	3	4	3	8	13	2	5	0
*	*	5p	-	13	6871	6175	6080	6793	25919	161	208	149	123	43	34	32	40	45	45	24	39	5	5	2	1	4	2	6	3	0
*	*	5p	-	14	7088	6067	5960	6805	25920	163	192	154	129	32	48	31	35	42	42	26	39	1	5	1	3	3	8	3	0	0
*	*	5p	-	15	7090	5935	6003	6900	25928	150	173	123	158	40	41	36	32	51	31	37	36	2	6	1	1	3	3	0	0	0
*	*	5p	-	16	7132	5934	5983	6880	25929	148	172	133	141	34	37	22	26	27	27	28	32	1	7	0	1	0	4	1	0	0
*	*	5p	-	17	7023	5949	6040	6919	25931	106	122	94	81	26	37	22	27	21	23	14	28	4	2	1	0	1	2	0	0	0
*	*	5p	-	18	6821	6010	6104	6993	25928	107	137	92	98	26	25	31	16	29	27	20	29	0	2	1	0	2	4	0	0	0
*	*	5p	-	19	6827	6099	6281	6720	25927	103	106	68	82	23	18	19	15	20	16	19	18	0	3	1	0	2	3	1	1	0
*	*	5p	-	20	6771	6167	6225	6766	25929	117	108	81	64	18	21	9	14	22	21	16	13	1	2	0	1	1	2	0	2	0
*	*	5p	-	21	6849	6139	6076	6868	25932	101	107	82	79	22	18	14	17	17	12	20	18	0	2	1	0	0	1	0	1	0
*	*	5p	-	22	6876	6044	6251	6760	25931	76	92	70	75	16	16	14	12	28	13	12	11	0	0	0	0	1	1	1	0	0
*	*	5p	-	23	7059	5923	6106	6836	25924	207	212	197	153	61	43	37	33	51	39	38	49	0	2	0	1	4	1	4	1	0
*	*	5p	-	24	6916	5947	6150	6916	25929	240	223	181	204	43	44	36	25	46	49	35	50	1	3	0	2	2	3	0	0	0
*	*	5p	-	25	6868	6045	6201	6812	25926	195	210	146	160	39	47	32	35	37	33	36	36	4	3	1	3	3	2	2	1	0
*	*	5p	-	26	6853	5965	6152	6955	25925	219	214	193	179	52	44	40	40	39	49	35	53	1	4	0	2	5	0	1	3	0
*	*	5p	-	27	6847	5960	6246	6870	25923	218	212	197	172	46	47	43	40	46	52	34	56	2	5	3	4	4	5	1	1	0
*	*	5p	-	28	6852	6046	6199	6821	25918	180	179	152	157	49	47	29	30	45	36	29	34	1	3	1	4	4	6	2	4	0
*	*	5p	-	29	6962	6042	6096	6820	25920	202	214	180	163	38	64	52	51	51	41	35	37	5	2	2	2	6	5	2	1	0
*	*	5p	-	30	6876	6024	6142	6881	25923	234	265	213	202	68	61	43	51	52	39	44	58	5	3	0	1	3	3	1	4	0
*	*	5p	-	31	6844	6142	6090	6845	25921	247	235	207	227	70	63	54	70	61	53	54	55	3	1	3	1	3	6	3	1	0
*	*	5p	-	32	6434	5676	5856	6562	24528	372	258	229	233	55	72	44	47	57	64	51	56	5	5	3	4	4	2	2	2	0
*	*	5p	-	33	6091	5308	5461	6371	23231	365	287	210	213	74	54	47	64	77	60	52	58	3	2	2	2	3	2	3	1	0
*	*	5p	-	34	5739	5058	5177	5976	21950	331	246	177	180	59	53	33	53	73	52	34	40	2	1	4	1	5	5	3	1	0
*	*	5p	-	35	5476	4813	4739	5685	20713	287	257	187	180	63	54	43	49	55	59	37	56	1	2	1	0	7	2	0	1	0
*	*	5p	-	36	5147	4482	4582	5275	19486	315	242	169	167	71	53	37	41	54	54	34	52	3	3	1	3	7	4	4	0	0
*	*	5p	-	37	4778	4207	4416	4740	18141	265	209	154	127	38	59	34	40	36	44	37	52	2	8	0	2	6	6	0	4	0
*	*	5p	-	38	4421	3874	4172	4399	16866	257	175	148	149	44	32	28	32	56	43	29	40	2	2	1	0	3	3	3	3	0
*	*	5p	-	39	4128	3617	3659	4191	15595	279	192	170	149	41	53	41	40	47	37	37	38	3	3	2	1	5	1	3	1	0
*	*	5p	-	40	3676	3401	3485	3850	14412	267	182	128	134	49	37	31	37	34	42	27	33	1	2	1	2	4	1	4	1	0
*	*	5p	-	41	3459	3169	3221	3589	13438	273	166	132	110	44	49	27	39	49	43	30	44	1	3	1	4	3	5	2	1	0
*	*	5p	-	42	3180	2934	2948	3343	12405	232	171	106	149	45	33	34	36	42	25	35	30	3	1	2	2	1	2	6	1	0
*	*	5p	-	43	2997	2669	2820	3105	11591	215	145	101	105	35	47	24	31	29	26	19	27	1	3	5	1	4	4	1	3	0
*	*	5p	-	44	2834	2518	2533	2992	10877	188	123	115	107	52	34	22	25	40	42	24	17	5	3	4	0	3	2	4	3	0
*	*	5p	-	45	2682	2239	2403	2853	10177	161	140	103	103	27	39	29	32	27	32	20	33	5	4	1	0	1	7	1	3	0
*	*	5p	-	46	2462	2309	2296	2520	9587	162	133	92	79	27	21	20	22	28	20	19	25	1	2	1	1	3	1	0	0	0
*	*	5p	-	47	2328	2069	2149	2366	8912	186	123	76	88	23	24	17	28	24	37	24	31	1	1	2	1	2	0	1	2	0
*	*	5p	-	48	2176	1909	1986	2224	8295	136	103	78	69	26	34	12	26	31	25	18	21	0	4	1	1	1	2	0	3	0
*	*	5p	-	49	2010	1740	1834	2087	7671	142	79	67	70	28	27	16	14	24	24	18	15	0	1	0	2	4	1	1	2	0
*	*	5p	-	50	1858	1683	1730	1852	7123	165	90	80	66	25	19	19	19	15	18	15	20	3	3	0	0	4	5	2	1	0
*	*	5p	-	51	1748	1528	1563	1760	6599	142	86	73	67	28	20	14	17	16	22	17	16	1	0	0	2	2	4	4	1	0
*	*	5p	-	52	1613	1393	1458	1662	6126	118	86	61	53	16	21	15	22	21	19	17	16	1	1	0	1	4	2	2	2	0
*	*	5p	-	53	1511	1351	1325	1510	5697	115	72	60	42	15	22	17	22	19	14	15	27	0	0	1	0	5	2	4	1	0
*	*	5p	-	54	1439	1222	1238	1441	5340	97	81	52	65	15	23	15	12	18	17	11	19	3	1	1	1	3	0	1	1	0
*	*	5p	-	55	1346	1168	1205	1289	5008	100	57	48	44	13	11	13	17	19	15	7	13	1	0	0	1	4	0	3	1	0
*	*	5p	-	56	1290	1033	1133	1252	4708	77	71	44	46	16	20	8	16	8	9	11	24	0	0	0	0	2	5	0	2	0
*	*	5p	-	57	1186	1003	1085	1177	4451	104	60	41	50	16	11	8	13	15	11	6	16	0	0	1	1	1	2	2	5	0
*	*	5p	-	58	1116	993	984	1077	4170	76	39	53	35	18	16	13	14	12	16	13	10	1	0	0	1	2	0	2	0	0
*	*	5p	-	59	1099	850	939	972	3860	83	53	33	36	16	12	12	15	5	10	5	10	1	0	0	1	1	2	1	1	0
*	*	5p	-	60	918	805	891	980	3594	67	47	37	42	12	10	5	3	11	22	10	8	1	0	0	0	1	1	3	2	0
*	*	5p	-	61	868	790	822	876	3356	72	44	24	27	8	8	9	9	8	9	9	11	2	0	0	0	5	3	1	2	0
*	*	5p	-	62	769	718	778	874	3139	55	31	26	29	5	11	6	9	4	10	9	6	0	0	0	0	1	2	0	0	0
*	*	5p	-	63	769	645	730	819	2963	63	37	28	31	9	10	8	7	12	6	6	13	0	0	0	0	0	1	0	1	0
*	*	5p	-	64	730	656	682	743	2811	64	42	28	27	10	9	6	5	10	4	4	7	0	0	0	0	0	0	0	0	0
*	*	5p	-	65	665	611	628	738	2642	56	40	26	22	4	11	5	8	8	8	5	6	1	0	0	0	1	0	1	0	0
*	*	5p	-	66	656	525	595	701	2477	41	35	27	23	6	12	6	6	7	10	6	9	0	0	1	0	3	1	1	0	0
*	*	5p	-	67	593	575	555	568	2291	40	41	22	14	9	4	8	6	8	8	7	5	0	0	1	0	1	1	1	1	0
*	*	5p	-	68	591	485	507	585	2168	45	32	26	27	8	5	6	9	6	5	4	6	1	0	0	0	1	3	0	1	0
*	*	5p	-	69	536	482	485	568	2071	44	40	18	22	4	9	6	7	7	5	8	9	0	0	1	0	0	2	0	0	0
*	*	5p	-	70	502	435	486	543	1966	40	27	25	23	4	7	4	4	2	4	5	8	0	0	0	0	0	2	0	0	0
