Sample	Library	End	Std	Pos	A	C	G	T	Total	G>A	C>T	A>G	T>C	A>C	A>T	C>G	C>A	T>G	T>A	G>C	G>T	A>-	T>-	C>-	G>-	->A	->T	->C	->G	S
*	*	3p	+	1	81539	123572	125898	104504	435513	17848	422	231	363	144	208	281	442	313	319	183	281	0	0	0	0	0	0	0	0	0
*	*	3p	+	2	108626	101069	115030	110780	435505	7783	234	175	208	110	188	89	266	149	237	97	220	0	0	0	0	0	0	0	0	0
*	*	3p	+	3	135469	93416	99725	106896	435506	5050	210	178	128	99	177	177	132	191	113	68	166	0	0	0	0	0	0	0	0	0
*	*	3p	+	4	112188	104086	98048	121184	435506	4030	173	95	107	88	164	81	152	90	185	50	144	0	0	0	0	0	0	0	0	0
*	*	3p	+	5	115678	94961	98061	126475	435175	2980	170	91	77	76	132	80	168	102	130	39	140	5	10	9	12	119	86	53	76	0
*	*	3p	+	6	117714	97038	98863	121414	435029	2373	231	114	84	59	94	148	92	84	60	37	105	12	16	19	13	131	113	73	162	0
*	*	3p	+	7	116325	100205	99554	118822	434906	1937	223	90	63	29	72	103	80	83	57	23	96	11	11	13	11	167	142	90	205	0
*	*	3p	+	8	116665	98740	105133	114345	434883	1720	269	61	105	53	54	59	48	50	41	43	92	13	15	8	13	109	153	218	146	0
*	*	3p	+	9	116372	101740	105256	111530	434898	1388	279	42	56	39	71	51	35	51	37	24	106	10	14	14	11	112	282	79	138	0
*	*	3p	+	10	112056	105058	107839	109974	434927	1303	199	55	54	41	48	47	81	42	58	24	66	7	20	18	11	282	119	107	77	0
*	*	3p	+	11	111987	103396	108727	110844	434954	1105	217	61	48	34	48	87	51	43	19	11	62	10	17	10	10	94	163	59	241	0
*	*	3p	+	12	113625	102928	106761	111710	435024	958	216	39	40	25	32	36	86	41	87	17	49	10	11	11	4	278	97	48	63	0
*	*	3p	+	13	112891	103633	105265	113384	435173	928	207	36	32	17	41	52	32	32	21	10	41	9	8	12	2	97	86	41	113	0
*	*	3p	+	14	113681	101936	105012	114619	435248	862	193	31	30	25	35	23	34	21	34	14	41	6	9	7	7	117	50	50	47	0
*	*	3p	+	15	115004	101681	103659	114977	435321	710	176	30	21	12	28	19	25	28	18	10	49	7	5	10	5	63	45	31	49	0
*	*	3p	+	16	112373	104308	104433	114251	435365	730	192	25	34	23	26	21	25	18	21	10	39	3	9	12	2	51	44	26	26	0
*	*	3p	+	17	112243	104017	104786	114335	435381	667	159	23	39	14	26	21	23	18	7	5	36	2	6	6	5	39	30	27	35	0
*	*	3p	+	18	112413	105404	105485	112096	435398	630	176	26	31	12	26	15	20	11	15	7	27	6	1	3	7	31	37	22	23	0
*	*	3p	+	19	110436	107295	106946	110753	435430	518	158	24	21	13	14	9	15	14	9	6	25	5	7	7	4	18	23	21	20	0
*	*	3p	+	20	110264	105757	108554	110870	435445	521	153	18	21	9	17	18	19	14	7	7	19	7	6	7	6	18	23	14	13	0
*	*	3p	+	21	111994	104721	107259	111480	435454	474	158	13	12	11	12	14	6	7	11	9	24	4	6	2	6	18	15	15	10	0
*	*	3p	+	22	111783	105962	105767	111959	435471	371	174	17	13	8	13	7	14	19	4	1	18	5	4	7	8	8	15	6	13	0
*	*	3p	+	23	114343	103419	103820	113903	435485	395	156	23	12	9	18	8	12	7	6	5	15	4	4	5	4	6	11	5	6	0
*	*	3p	+	24	116282	102572	102386	114244	435484	343	151	12	16	11	17	11	4	10	5	4	14	2	5	7	3	10	8	2	8	0
*	*	3p	+	25	114369	104265	103368	113487	435489	325	153	19	26	10	13	7	12	10	9	2	19	1	5	4	6	9	7	2	6	0
*	*	3p	+	26	113170	104370	104445	113505	435490	280	205	16	17	7	20	8	4	16	6	3	16	4	3	4	1	3	12	4	4	0
*	*	3p	+	27	112475	105697	103471	113849	435492	277	180	20	15	6	11	2	6	9	10	4	14	4	3	6	4	8	5	3	5	0
*	*	3p	+	28	111237	107534	104217	112505	435493	263	161	18	21	5	14	6	9	6	3	8	16	7	5	1	7	5	7	2	6	0
*	*	3p	+	29	112001	105680	104052	113762	435495	260	201	18	14	5	8	3	10	11	1	6	11	8	3	9	6	8	5	2	3	0
*	*	3p	+	30	113809	103766	104807	113113	435495	254	185	18	17	8	7	6	12	6	4	3	14	4	1	4	4	3	4	2	9	0
*	*	3p	+	31	113886	104733	105489	111378	435486	199	234	17	19	7	5	7	7	8	3	5	14	3	4	6	3	10	10	5	2	0
*	*	3p	+	32	107959	98748	98369	105882	410958	486	3033	71	60	31	78	31	28	40	21	35	98	4	9	9	11	15	11	9	8	0
*	*	3p	+	33	103937	92275	90222	99631	386065	441	3078	84	47	33	78	27	31	38	26	40	95	7	11	9	12	21	15	11	10	0
*	*	3p	+	34	96563	87268	85104	92766	361701	438	3039	71	46	31	70	32	42	35	29	41	96	6	13	8	8	16	16	18	13	0
*	*	3p	+	35	90765	80454	79161	87789	338169	426	3037	75	39	25	75	36	38	34	24	34	95	5	12	10	10	17	17	7	11	0
*	*	3p	+	36	84167	75963	73414	81398	314942	347	2954	66	39	33	77	29	40	40	29	34	96	8	9	8	8	9	18	12	13	0
*	*	3p	+	37	75595	72123	69201	75006	291925	362	2907	54	47	28	70	27	41	34	29	31	98	5	17	11	9	16	24	13	11	0
*	*	3p	+	38	70193	65889	63729	69765	269576	340	2783	52	47	27	73	28	43	45	41	33	90	6	6	12	4	19	20	18	9	0
*	*	3p	+	39	65208	60244	58471	64234	248157	289	2517	67	36	35	55	23	36	28	27	43	89	6	7	6	8	19	16	22	13	0
*	*	3p	+	40	59477	55960	54475	58616	228528	313	2473	46	42	25	50	32	38	21	36	39	80	6	9	9	10	15	19	21	14	0
*	*	3p	+	41	55851	50710	49536	54738	210835	299	2251	62	36	38	57	15	28	35	39	33	81	8	9	11	11	20	20	15	12	0
*	*	3p	+	42	52050	46395	45534	50662	194641	257	1994	53	39	34	51	29	35	24	35	31	69	14	7	11	9	20	14	19	17	0
*	*	3p	+	43	47662	43611	42011	46946	180230	260	1963	53	32	36	53	18	31	24	23	35	73	10	6	12	15	24	18	22	4	0
*	*	3p	+	44	45223	39656	38775	43642	167296	220	1786	37	33	29	39	31	27	20	29	38	58	12	9	11	9	24	16	21	13	0
*	*	3p	+	45	41845	36667	35847	40687	155046	192	1690	41	31	24	41	22	37	23	23	23	56	5	5	8	11	21	27	17	15	0
*	*	3p	+	46	38201	34790	33377	37442	143810	163	1624	41	41	18	42	21	34	23	24	22	63	7	3	8	6	22	14	22	16	0
*	*	3p	+	47	35122	32064	30880	35233	133299	137	1420	36	27	36	47	13	29	21	22	30	42	10	4	8	4	25	23	19	14	0
*	*	3p	+	48	32824	29706	28582	32261	123373	138	1389	33	27	12	48	21	32	23	24	33	58	3	6	3	2	25	16	24	8	0
*	*	3p	+	49	30283	27678	26545	29630	114136	149	1319	39	27	27	33	19	29	14	16	28	50	3	5	10	8	19	31	26	13	0
*	*	3p	+	50	28092	25466	24617	27393	105568	127	1105	26	21	18	37	16	28	15	13	21	53	7	3	4	8	24	32	12	18	0
*	*	3p	+	51	26349	23039	22695	25615	97698	134	1037	24	24	17	45	13	18	17	18	41	40	5	4	5	5	20	22	23	19	0
*	*	3p	+	52	24147	21750	21095	23540	90532	126	989	21	28	26	28	13	17	10	18	28	42	4	2	6	8	20	27	23	13	0
*	*	3p	+	53	22712	19910	19346	22155	84123	117	980	27	25	20	39	15	24	20	16	18	54	5	11	4	6	20	26	25	10	0
*	*	3p	+	54	21508	18439	17742	20666	78355	88	829	25	28	22	22	13	16	18	10	18	39	3	5	3	6	23	24	21	14	0
*	*	3p	+	55	19745	17343	16930	19182	73200	109	800	16	23	24	35	9	20	18	12	17	54	2	4	1	7	16	33	20	14	0
*	*	3p	+	56	18309	16071	15767	18059	68206	86	782	29	25	21	39	10	18	12	12	14	28	4	3	1	5	22	27	24	14	0
*	*	3p	+	57	17043	15241	14826	16534	63644	84	687	21	17	14	33	10	22	16	5	26	40	0	0	4	8	21	22	25	16	0
*	*	3p	+	58	15812	14168	13771	15530	59281	89	735	19	20	23	30	10	17	10	12	20	44	3	7	2	1	20	28	23	6	0
*	*	3p	+	59	14702	13238	12624	14655	55219	70	613	19	20	18	22	6	10	9	14	22	25	1	5	3	4	24	20	23	14	0
*	*	3p	+	60	13893	12208	11714	13496	51311	76	542	14	16	18	29	6	11	13	6	18	42	2	7	1	5	19	13	24	17	0
*	*	3p	+	61	12808	11333	11230	12539	47910	92	538	17	11	20	24	6	14	9	8	23	35	2	5	2	2	22	27	25	7	0
*	*	3p	+	62	12073	10316	10280	12015	44684	68	498	13	20	17	23	5	17	8	8	18	27	1	5	3	2	24	25	19	12	0
*	*	3p	+	63	11274	9822	9581	11082	41759	70	491	11	20	19	17	7	15	10	7	18	29	2	0	3	4	21	26	24	19	0
*	*	3p	+	64	10478	9256	8789	10581	39104	58	443	15	14	18	18	1	9	10	7	20	25	5	2	0	5	19	19	29	12	0
*	*	3p	+	65	9913	8642	8376	9782	36713	55	424	12	7	16	27	8	6	5	7	15	19	2	1	0	2	19	21	29	12	0
*	*	3p	+	66	9303	8123	7894	9163	34483	44	353	13	13	15	28	10	8	9	10	12	19	3	2	2	1	16	24	23	15	0
*	*	3p	+	67	8549	7711	7277	8794	32331	58	372	6	12	14	16	5	8	6	5	13	30	5	0	0	2	18	21	24	13	0
*	*	3p	+	68	8201	7065	6908	8170	30344	34	336	5	12	23	24	7	8	2	6	17	26	4	1	0	2	14	21	22	14	0
*	*	3p	+	69	7737	6672	6413	7691	28513	39	310	12	13	16	22	3	11	6	4	19	20	4	1	2	1	21	20	18	10	0
*	*	3p	+	70	7275	6292	6070	7196	26833	46	274	15	15	11	19	3	9	9	4	15	20	1	1	2	2	20	16	22	8	0
*	*	3p	-	1	81323	124760	125138	104974	436195	17569	471	258	383	138	233	263	435	268	323	198	311	0	0	0	0	0	0	0	0	0
*	*	3p	-	2	108314	101477	114929	111446	436166	7883	269	155	198	110	187	127	280	151	211	136	213	0	0	0	0	7	10	7	0	0
*	*	3p	-	3	135523	94281	99584	106756	436144	5030	209	172	121	111	176	177	149	184	131	89	174	3	2	0	0	13	18	6	12	0
*	*	3p	-	4	111640	104621	98102	121676	436039	3869	218	96	125	79	134	69	157	96	186	78	168	3	5	3	1	65	49	21	16	0
*	*	3p	-	5	115814	95866	97945	125960	435585	3055	203	84	83	55	110	72	135	91	120	36	123	11	9	1	5	220	144	95	147	0
*	*	3p	-	6	117894	97226	99079	121280	435479	2326	222	110	68	36	85	105	65	80	65	23	73	21	22	19	17	190	170	106	241	0
*	*	3p	-	7	115439	101522	100008	118516	435485	1928	273	90	62	42	81	94	50	78	53	29	82	25	9	9	13	172	162	95	278	0
*	*	3p	-	8	116685	99053	104799	114995	435532	1712	255	66	78	46	67	59	42	49	39	39	83	15	17	13	14	133	126	240	158	0
*	*	3p	-	9	115660	102515	105242	112187	435604	1358	291	54	67	34	84	49	50	45	27	32	111	10	13	17	16	93	280	71	142	0
*	*	3p	-	10	112298	105198	107483	110688	435667	1302	213	40	53	26	43	46	93	32	67	30	62	14	4	10	15	256	78	121	69	0
*	*	3p	-	11	111973	104393	108230	111152	435748	1091	221	72	55	31	48	98	42	77	18	28	65	11	7	18	11	67	136	55	185	0
*	*	3p	-	12	113571	103288	106632	112366	435857	1000	195	42	39	20	46	29	124	30	109	22	66	9	9	17	11	182	62	51	41	0
*	*	3p	-	13	113074	104858	105000	113058	435990	896	215	29	31	20	36	40	43	46	31	17	62	10	11	14	6	53	55	36	56	0
*	*	3p	-	14	113548	102595	105436	114443	436022	807	177	27	41	20	38	21	50	20	36	14	45	13	6	11	6	67	43	38	20	0
*	*	3p	-	15	115231	102742	102694	115387	436054	746	186	28	36	18	28	23	26	23	14	18	36	6	10	7	8	40	38	23	34	0
*	*	3p	-	16	112271	105168	103975	114665	436079	685	177	31	40	13	24	26	36	20	11	9	49	5	6	7	3	41	34	19	19	0
*	*	3p	-	17	112062	105106	104475	114450	436093	679	184	22	21	15	27	21	29	25	9	12	36	4	1	9	3	32	24	23	17	0
*	*	3p	-	18	112102	105815	105425	112770	436112	604	176	19	25	18	27	22	17	18	8	8	30	5	4	4	5	23	21	18	15	0
*	*	3p	-	19	110203	107980	107586	110366	436135	554	187	24	22	12	14	10	25	18	11	13	33	4	5	4	5	17	17	11	12	0
*	*	3p	-	20	110124	107031	108077	110917	436149	502	151	17	19	11	28	11	13	14	10	9	28	8	5	6	6	17	9	8	12	0
*	*	3p	-	21	111818	105269	107151	111925	436163	412	148	16	16	5	24	12	15	17	8	3	21	8	3	6	7	8	10	9	5	0
*	*	3p	-	22	111620	106507	105304	112736	436167	406	181	23	35	6	21	8	7	7	3	8	25	2	5	5	8	8	10	4	6	0
*	*	3p	-	23	113976	104225	103656	114312	436169	374	185	16	20	7	15	7	16	14	6	6	17	4	5	4	4	7	5	4	7	0
*	*	3p	-	24	115686	103773	101816	114899	436174	313	167	16	15	5	11	7	9	3	5	4	25	5	1	6	8	5	8	5	3	0
*	*	3p	-	25	113717	105012	103147	114298	436174	271	183	8	11	7	9	9	10	12	3	3	22	5	2	8	1	3	6	4	7	0
*	*	3p	-	26	112903	105345	103143	114788	436179	299	167	14	21	9	18	7	12	19	1	4	14	6	8	4	2	4	7	4	1	0
*	*	3p	-	27	112509	105816	103215	114633	436173	265	193	22	16	7	9	7	11	13	1	4	18	6	4	8	6	7	7	4	2	0
*	*	3p	-	28	111402	107432	104003	113344	436181	232	173	17	18	7	11	3	5	6	3	2	12	4	4	6	2	3	5	3	3	0
*	*	3p	-	29	111554	106991	104091	113545	436181	233	202	12	14	6	8	9	6	11	2	3	9	3	6	8	6	4	2	5	3	0
*	*	3p	-	30	113473	104882	103698	114121	436174	209	177	9	19	6	6	4	5	8	7	4	15	13	1	5	6	6	6	5	4	0
*	*	3p	-	31	113676	104891	105674	111925	436166	218	221	19	16	4	12	1	9	9	2	5	20	7	6	4	6	12	6	4	7	0
*	*	3p	-	32	108589	99097	97556	106034	411276	467	3008	75	45	29	82	35	33	42	23	18	114	5	4	10	9	11	9	13	11	0
*	*	3p	-	33	103473	92886	89734	100031	386124	424	3171	67	39	25	69	32	39	35	26	36	98	6	10	12	10	9	16	9	11	0
*	*	3p	-	34	96901	87174	84602	93169	361846	401	3109	72	43	37	73	26	48	27	30	38	116	4	6	9	5	16	15	11	13	0
*	*	3p	-	35	90634	81256	78711	87674	338275	398	3169	67	48	39	75	34	42	35	23	35	100	7	9	4	8	21	12	20	7	0
*	*	3p	-	36	84152	76277	73106	81551	315086	339	3016	69	53	38	64	31	35	37	34	37	102	6	5	7	7	18	17	12	10	0
*	*	3p	-	37	75602	72709	68496	75568	292375	334	2985	58	53	29	76	42	42	40	36	36	88	5	5	8	9	21	23	10	10	0
*	*	3p	-	38	69328	66734	63972	70025	270059	349	2780	56	37	25	67	37	38	46	38	24	87	7	7	11	4	28	28	8	10	0
*	*	3p	-	39	64603	61524	58314	64440	248881	294	2629	51	49	34	56	32	36	33	31	34	91	9	4	8	8	31	18	21	11	0
*	*	3p	-	40	59963	56365	53995	58877	229200	296	2528	59	42	34	61	27	51	35	26	21	78	2	6	14	5	19	31	23	16	0
*	*	3p	-	41	55797	51318	49147	55015	211277	264	2235	52	38	22	48	24	38	31	23	39	69	3	7	8	3	24	23	21	16	0
*	*	3p	-	42	52135	46848	45322	50860	195165	248	2149	55	40	23	56	23	36	31	23	26	64	3	6	4	5	25	24	22	12	0
*	*	3p	-	43	48071	43796	41624	46996	180487	230	1975	40	24	29	49	16	29	28	31	25	61	6	3	7	9	22	19	22	21	0
*	*	3p	-	44	44814	40338	38757	43745	167654	207	1849	45	32	25	39	17	18	22	30	23	60	2	5	5	10	23	32	25	15	0
*	*	3p	-	45	42187	36966	35662	40657	155472	193	1660	40	25	24	50	15	32	29	22	22	43	4	7	2	15	17	29	26	10	0
*	*	3p	-	46	38366	34980	33405	37580	144331	181	1636	32	30	27	41	16	24	33	15	24	60	5	4	3	4	23	27	24	16	0
*	*	3p	-	47	35137	32394	31214	35025	133770	173	1499	30	29	24	37	16	33	21	26	24	45	5	6	1	6	24	41	21	10	0
*	*	3p	-	48	32809	30166	28098	32594	123667	160	1445	35	30	22	44	18	24	22	20	27	53	5	4	6	3	33	32	32	19	0
*	*	3p	-	49	29963	27939	26496	29836	114234	146	1320	36	27	26	37	25	27	17	28	28	53	7	5	4	6	21	37	29	14	0
*	*	3p	-	50	28027	25348	24664	27494	105533	141	1177	25	28	24	39	18	19	14	22	37	46	6	7	5	7	23	31	24	11	0
*	*	3p	-	51	26175	23336	22751	25445	97707	138	1098	37	27	17	37	21	22	21	20	30	43	4	5	4	7	26	33	22	15	0
*	*	3p	-	52	24351	21719	20889	23557	90516	123	1007	24	20	17	35	12	20	16	15	20	37	3	5	2	7	28	28	24	16	0
*	*	3p	-	53	22542	20186	19362	22172	84262	122	946	28	37	24	42	13	22	18	10	25	37	5	4	3	4	18	27	28	13	0
*	*	3p	-	54	21381	18573	17775	20623	78352	120	852	33	23	19	33	9	30	11	14	16	40	2	2	9	1	15	25	30	15	0
*	*	3p	-	55	19699	17283	16972	19103	73057	97	768	17	17	21	29	12	24	12	16	23	43	7	3	3	1	26	30	19	9	0
*	*	3p	-	56	18203	16168	15602	18146	68119	93	782	17	32	24	34	10	27	6	11	24	32	4	3	2	5	30	24	27	13	0
*	*	3p	-	57	17017	15024	14591	16888	63520	87	719	20	17	19	28	9	19	11	11	24	36	2	4	3	7	23	22	25	12	0
*	*	3p	-	58	15812	14283	13562	15477	59134	80	711	19	20	15	28	22	13	6	11	24	36	4	5	2	3	16	32	31	11	0
*	*	3p	-	59	14524	13068	12690	14558	54840	70	612	16	24	14	28	7	20	8	12	21	40	2	4	0	5	16	32	35	12	0
*	*	3p	-	60	13675	12106	11678	13530	50989	72	565	8	23	20	25	9	10	16	16	24	29	4	3	4	3	21	27	31	16	0
*	*	3p	-	61	12738	11391	10809	12704	47642	59	547	21	21	14	21	11	10	8	9	18	26	2	1	5	4	17	30	26	11	0
*	*	3p	-	62	11936	10691	10044	11821	44492	64	508	18	21	26	24	8	16	15	14	17	23	2	1	3	5	20	28	17	16	0
*	*	3p	-	63	11186	9846	9606	10948	41586	66	462	12	13	8	14	8	8	4	8	18	26	5	2	3	8	17	19	23	14	0
*	*	3p	-	64	10424	9354	8866	10294	38938	63	453	7	14	17	28	5	10	5	13	22	27	10	2	3	1	16	21	25	13	0
*	*	3p	-	65	9950	8515	8376	9748	36589	55	425	12	12	18	25	4	9	6	5	22	32	2	3	2	1	11	24	23	9	0
*	*	3p	-	66	9499	7948	7670	9228	34345	47	409	4	23	14	20	8	4	6	8	14	19	2	1	2	1	16	23	24	6	0
*	*	3p	-	67	8661	7651	7289	8597	32198	44	371	10	13	8	29	1	7	9	5	16	16	0	3	2	4	15	23	19	9	0
*	*	3p	-	68	8033	7234	6891	8084	30242	43	352	9	15	13	18	4	11	4	9	18	20	4	1	1	1	17	14	15	9	0
*	*	3p	-	69	7641	6633	6477	7631	28382	34	342	4	10	13	24	5	6	11	12	14	17	3	2	1	1	12	19	19	11	0
*	*	3p	-	70	7160	6463	6039	7031	26693	26	306	8	12	19	13	6	6	3	8	16	25	2	0	1	3	7	16	19	9	0
*	*	5p	+	1	106909	127227	119020	82357	435513	344	17630	343	221	293	245	215	193	127	141	244	420	0	0	0	0	0	0	0	0	0
*	*	5p	+	2	110919	113019	104721	106743	435402	174	7435	185	129	115	246	127	147	110	131	70	292	0	0	0	0	8	5	1	2	0
*	*	5p	+	3	109528	101004	94174	130766	435472	136	4953	99	155	175	151	43	97	85	94	182	155	1	3	0	0	18	8	9	4	0
*	*	5p	+	4	120544	99874	104032	110938	435388	132	3923	77	87	50	229	37	77	99	73	43	252	0	2	2	0	45	51	15	10	0
*	*	5p	+	5	124640	98791	97832	113784	435047	132	2942	78	72	40	123	31	59	39	41	51	151	6	5	3	4	117	177	106	50	0
*	*	5p	+	6	120804	99873	98560	115758	434995	177	2333	69	71	85	93	29	52	41	31	112	88	15	11	22	16	111	121	223	60	0
*	*	5p	+	7	119592	99592	101258	114577	435019	213	1969	66	85	74	103	19	40	33	38	89	102	13	21	17	10	86	122	235	51	0
*	*	5p	+	8	114493	104882	99396	116247	435018	190	1694	90	57	44	44	52	37	42	29	56	68	10	14	9	9	73	67	112	233	0
*	*	5p	+	9	112209	104991	102290	115562	435052	262	1426	45	59	42	30	20	68	24	52	50	54	11	12	10	14	260	47	124	30	0
*	*	5p	+	10	111581	106873	104497	112159	435110	182	1317	56	42	30	66	12	33	26	18	36	117	7	11	5	15	50	237	40	76	0
*	*	5p	+	11	111629	107769	104025	111754	435177	200	1047	40	63	63	46	13	27	30	30	91	47	9	8	5	14	86	29	191	30	0
*	*	5p	+	12	112258	106038	103728	113228	435252	166	1017	36	29	27	137	10	15	22	17	32	118	9	6	5	8	30	180	25	26	0
*	*	5p	+	13	112867	106055	104017	112430	435369	177	908	25	29	26	31	10	23	21	16	41	44	10	2	8	9	33	34	57	20	0
*	*	5p	+	14	114662	104841	102604	113303	435410	154	819	22	23	19	43	7	20	16	12	13	63	5	2	7	5	17	47	25	14	0
*	*	5p	+	15	115154	103397	102069	114835	435455	132	723	26	12	12	25	6	19	15	10	14	31	5	5	4	3	19	15	15	9	0
*	*	5p	+	16	113887	104544	104649	112383	435463	137	631	23	21	10	25	3	12	14	12	8	35	1	4	4	6	13	17	11	9	0
*	*	5p	+	17	114107	104696	104813	111867	435483	123	608	28	17	8	24	5	10	23	8	16	23	3	3	0	3	7	11	6	6	0
*	*	5p	+	18	112234	105353	105789	112109	435485	137	598	32	18	10	13	6	6	8	4	9	27	2	7	4	3	7	9	4	8	0
*	*	5p	+	19	110828	106795	107094	110771	435488	136	543	35	22	13	16	4	4	11	8	9	20	3	3	5	4	7	7	6	4	0
*	*	5p	+	20	111122	107590	105575	111209	435496	123	469	15	14	12	7	5	7	3	1	6	18	5	8	3	4	5	5	6	1	0
*	*	5p	+	21	111650	106665	104709	112466	435490	140	451	18	11	7	14	2	8	5	6	14	23	5	5	3	5	9	5	3	6	0
*	*	5p	+	22	112291	105107	105948	112147	435493	132	389	22	8	4	5	4	4	5	6	6	11	4	2	4	7	5	3	3	9	0
*	*	5p	+	23	114518	104055	103670	113245	435488	139	393	11	9	12	9	1	4	3	10	6	15	2	3	5	5	10	8	3	4	0
*	*	5p	+	24	114579	102655	103511	114736	435481	145	376	21	15	5	12	8	6	6	2	7	10	2	3	3	6	11	8	7	6	0
*	*	5p	+	25	113533	102817	104799	114333	435482	153	297	18	19	8	8	4	5	5	7	8	7	5	7	1	3	6	7	9	9	0
*	*	5p	+	26	113806	103722	105146	112820	435494	142	284	24	12	10	13	6	5	7	5	8	21	5	4	4	4	6	7	3	3	0
*	*	5p	+	27	114178	102898	105295	113118	435489	142	277	10	19	7	19	8	7	13	5	11	20	5	7	10	1	5	7	7	5	0
*	*	5p	+	28	113519	103471	106619	111878	435487	153	290	13	13	5	9	3	3	6	4	7	19	5	7	6	3	8	6	1	11	0
*	*	5p	+	29	115261	103323	104812	112094	435490	165	247	17	14	6	4	4	7	7	4	2	14	5	8	9	7	7	5	2	9	0
*	*	5p	+	30	114918	103049	103684	113835	435486	186	243	16	18	8	9	1	8	10	4	9	11	7	8	8	7	7	11	4	5	0
*	*	5p	+	31	112577	105332	104442	113132	435483	206	210	11	15	5	3	4	8	8	3	5	14	10	9	7	11	10	9	4	7	0
*	*	5p	+	32	106492	97502	99224	107753	410971	3067	516	42	54	31	54	37	63	37	31	22	83	5	6	9	13	10	12	5	10	0
*	*	5p	+	33	100574	89827	92567	103114	386082	3167	517	54	66	22	62	45	60	39	32	23	82	7	11	8	12	21	13	4	6	0
*	*	5p	+	34	94002	84228	86805	96674	361709	3103	461	50	77	28	79	50	62	40	40	27	84	8	11	5	14	22	22	7	8	0
*	*	5p	+	35	87959	78685	80988	90532	338164	3068	433	64	78	34	57	36	49	34	44	22	83	10	11	7	6	12	20	15	12	0
*	*	5p	+	36	81704	73522	76207	83502	314935	3014	420	51	75	33	70	34	44	55	41	23	80	13	5	7	13	16	20	9	16	0
*	*	5p	+	37	75491	68852	71653	75922	291918	2928	381	46	70	30	63	49	49	55	37	24	98	4	6	6	11	19	21	11	17	0
*	*	5p	+	38	70083	63945	65952	69587	269567	2875	373	45	57	28	66	29	60	44	42	22	73	5	4	9	7	20	24	13	15	0
*	*	5p	+	39	64197	58155	60679	65113	248144	2667	365	50	62	25	65	28	52	44	34	22	81	5	10	7	8	26	23	15	19	0
*	*	5p	+	40	58920	53914	55909	59787	228530	2453	338	42	66	31	59	33	54	58	35	20	76	7	4	6	4	18	20	17	17	0
*	*	5p	+	41	55110	49523	50807	55385	210825	2312	319	41	56	30	71	44	43	53	30	23	92	4	4	6	13	28	25	12	15	0
*	*	5p	+	42	51143	45427	46353	51702	194625	2052	297	40	45	32	43	38	40	23	31	24	70	13	5	16	8	27	27	14	21	0
*	*	5p	+	43	47125	41736	43372	47970	180203	2017	258	44	44	25	56	31	38	37	34	14	59	6	8	10	9	21	28	25	25	0
*	*	5p	+	44	43686	38733	39931	44936	167286	1747	239	34	44	30	45	28	39	27	22	18	55	11	6	8	6	26	25	9	27	0
*	*	5p	+	45	40803	35719	36618	41907	155047	1639	212	39	45	14	52	36	37	29	23	16	48	7	6	7	7	22	28	14	17	0
*	*	5p	+	46	37644	33169	34888	38095	143796	1564	213	37	41	13	45	26	40	27	30	13	39	9	4	8	6	30	23	13	25	0
*	*	5p	+	47	35257	30623	32152	35274	133306	1446	174	36	37	24	48	37	34	37	40	14	45	6	4	5	6	22	21	16	21	0
*	*	5p	+	48	32421	28258	29698	32970	123347	1422	170	25	18	18	43	28	36	26	34	7	51	7	8	10	4	32	27	18	22	0
*	*	5p	+	49	29811	26573	27736	30001	114121	1329	171	29	27	16	35	24	45	30	28	20	40	5	7	8	4	27	39	20	21	0
*	*	5p	+	50	27582	24621	25228	28127	105558	1170	146	38	29	13	39	23	30	17	29	13	58	3	9	4	10	26	21	24	28	0
*	*	5p	+	51	25856	22495	23353	25953	97657	1123	132	35	19	18	31	25	43	25	29	17	43	0	3	4	8	34	28	20	41	0
*	*	5p	+	52	23785	20863	21673	24181	90502	1035	147	42	23	3	23	29	30	23	30	9	33	3	7	3	1	35	24	20	33	0
*	*	5p	+	53	22292	19539	19669	22601	84101	974	139	20	20	17	40	17	28	23	21	12	33	2	5	2	1	34	28	17	26	0
*	*	5p	+	54	20665	17975	18488	21226	78354	860	121	31	19	14	24	41	23	30	26	14	28	3	3	4	4	35	20	13	20	0
*	*	5p	+	55	19435	16755	17431	19574	73195	796	119	27	26	15	28	25	29	27	28	9	30	4	1	4	2	24	32	10	22	0
*	*	5p	+	56	18004	15658	16049	18495	68206	752	112	22	17	9	21	31	31	28	29	6	22	4	4	3	1	32	19	13	24	0
*	*	5p	+	57	16852	14646	15078	17071	63647	689	108	31	15	17	19	23	36	32	21	5	26	5	3	5	1	25	18	9	28	0
*	*	5p	+	58	15687	13664	14240	15692	59283	686	103	13	27	9	20	23	29	30	22	7	24	4	5	5	0	25	18	13	21	0
*	*	5p	+	59	14464	12639	13323	14792	55218	663	105	16	13	13	26	21	34	22	27	10	12	4	2	2	2	29	20	8	24	0
*	*	5p	+	60	13479	11784	12260	13776	51299	575	89	15	14	11	25	18	31	21	18	8	21	2	5	5	7	35	12	11	27	0
*	*	5p	+	61	12700	10947	11461	12795	47903	554	76	20	21	12	17	13	20	23	23	8	24	4	2	5	7	29	20	8	29	0
*	*	5p	+	62	11802	10387	10401	12087	44677	516	85	22	20	7	22	18	28	27	27	9	29	2	6	4	2	30	18	16	23	0
*	*	5p	+	63	11143	9545	9633	11426	41747	507	78	18	16	13	12	30	18	18	13	12	23	1	6	4	4	30	31	19	22	0
*	*	5p	+	64	10361	8918	9178	10633	39090	471	75	18	10	7	16	28	24	20	18	7	23	2	4	4	4	25	27	13	29	0
*	*	5p	+	65	9819	8310	8624	9957	36710	412	60	16	19	12	17	13	26	19	17	9	17	1	3	4	3	28	22	8	27	0
*	*	5p	+	66	9151	7830	8126	9371	34478	391	70	13	10	8	14	23	18	14	12	13	17	1	1	4	1	23	24	12	25	0
*	*	5p	+	67	8493	7437	7795	8603	32328	393	64	16	10	4	10	24	17	11	15	6	15	2	3	4	3	27	18	11	25	0
*	*	5p	+	68	8271	6861	7038	8175	30345	299	45	16	9	6	13	21	27	13	19	6	19	5	7	0	3	25	15	7	26	0
*	*	5p	+	69	7578	6371	6837	7737	28523	313	45	12	11	8	8	10	21	17	27	4	14	1	3	4	1	18	14	8	20	0
*	*	5p	+	70	7077	6154	6445	7163	26839	324	63	21	13	7	12	20	19	15	8	5	13	2	4	4	1	19	15	6	21	0
*	*	5p	-	1	106639	129050	117937	82569	436195	360	17861	355	255	267	277	210	208	120	144	233	407	0	0	0	0	0	0	0	0	0
*	*	5p	-	2	110519	114528	103516	107524	436087	166	7749	167	133	104	249	113	119	100	136	88	301	0	0	0	0	0	0	0	0	0
*	*	5p	-	3	109687	101813	93470	131220	436190	104	5179	103	164	147	144	48	89	109	95	184	149	0	0	0	0	0	0	0	0	0
*	*	5p	-	4	120829	100146	103639	111576	436190	122	3966	90	108	63	229	39	90	106	84	33	197	0	0	0	0	0	0	0	0	0
*	*	5p	-	5	124124	99252	97684	114841	435901	131	2968	83	80	71	137	32	66	39	60	61	180	8	12	7	6	59	122	58	36	0
*	*	5p	-	6	120992	100312	97763	116721	435788	177	2441	68	98	100	88	31	56	45	52	106	86	11	10	8	17	94	94	169	49	0
*	*	5p	-	7	119630	100312	100186	115592	435720	196	2008	45	68	96	86	22	55	33	40	92	93	10	14	14	14	99	103	210	63	0
*	*	5p	-	8	114380	105618	99133	116596	435727	179	1792	81	46	44	59	65	39	38	29	51	52	10	13	12	12	85	65	103	206	0
*	*	5p	-	9	111676	105870	101817	116365	435728	220	1428	47	48	40	42	20	61	25	49	53	71	5	10	10	12	266	54	110	37	0
*	*	5p	-	10	110903	108143	104167	112512	435725	181	1323	53	31	13	91	21	34	26	17	30	98	10	12	8	7	71	274	39	86	0
*	*	5p	-	11	111079	109015	103558	112121	435773	175	1090	41	58	42	35	17	26	23	18	67	60	11	3	4	16	101	43	248	30	0
*	*	5p	-	12	112147	106856	103153	113665	435821	137	1046	39	30	16	87	13	17	27	16	20	81	5	8	4	11	42	284	31	17	0
*	*	5p	-	13	112814	106583	103873	112724	435994	157	924	30	43	18	45	8	16	31	10	33	45	10	7	9	10	34	49	94	24	0
*	*	5p	-	14	114354	105539	102383	113773	436049	144	780	25	24	7	45	7	16	25	8	17	55	7	4	9	10	25	86	26	9	0
*	*	5p	-	15	114365	104454	102319	114979	436117	138	768	34	24	9	30	7	9	12	8	20	32	15	7	6	4	17	35	16	10	0
*	*	5p	-	16	114252	104521	104095	113280	436148	128	702	25	19	10	26	10	13	12	4	13	20	9	2	3	5	14	17	12	4	0
*	*	5p	-	17	114009	104810	104866	112475	436160	116	638	27	16	11	21	5	12	16	8	8	29	7	1	5	1	6	10	7	12	0
*	*	5p	-	18	112811	105871	104513	112968	436163	116	613	15	17	9	17	2	6	12	6	14	23	6	3	3	4	9	9	9	5	0
*	*	5p	-	19	110913	106884	106768	111604	436169	117	539	19	18	9	13	1	7	17	9	4	21	7	2	2	2	6	6	5	9	0
*	*	5p	-	20	110596	108537	105573	111471	436177	146	541	18	20	9	10	5	6	9	5	10	14	6	4	2	2	2	7	3	6	0
*	*	5p	-	21	112039	106982	104952	112206	436179	145	491	18	18	8	14	1	11	12	5	11	16	5	1	4	6	3	6	2	4	0
*	*	5p	-	22	111622	106528	105508	112522	436180	129	406	16	19	3	6	5	8	9	5	6	19	3	3	6	6	4	3	4	4	0
*	*	5p	-	23	113594	104868	104038	113680	436180	117	378	15	13	3	8	7	5	8	0	5	8	5	5	5	9	5	5	2	3	0
*	*	5p	-	24	114479	102892	103579	115223	436173	128	345	15	8	8	13	5	7	9	3	7	19	2	6	4	3	7	4	5	6	0
*	*	5p	-	25	113532	104117	104250	114276	436175	153	320	10	15	14	12	4	6	5	5	2	19	3	6	3	7	9	7	2	2	0
*	*	5p	-	26	113362	104076	105355	113382	436175	158	304	18	16	5	14	3	7	7	4	8	19	1	5	3	9	5	7	3	5	0
*	*	5p	-	27	114432	103429	104938	113372	436171	160	307	23	10	8	8	7	7	8	5	7	11	8	2	4	6	3	10	5	6	0
*	*	5p	-	28	113253	104279	106315	112333	436180	174	286	10	15	5	12	3	2	12	2	3	21	5	7	6	4	4	4	2	5	0
*	*	5p	-	29	114740	104201	104668	112567	436176	170	238	7	20	5	8	4	10	14	1	5	11	7	2	7	2	7	4	7	1	0
*	*	5p	-	30	114610	103677	103904	113986	436177	201	222	13	13	7	12	5	4	10	3	2	21	5	2	8	3	4	8	3	3	0
*	*	5p	-	31	112837	105518	104411	113406	436172	184	184	18	12	8	19	3	3	7	4	7	15	10	4	3	4	9	8	2	4	0
*	*	5p	-	32	106213	98550	98409	108122	411294	2960	521	57	78	26	74	39	60	34	21	18	83	8	7	16	14	10	9	5	6	0
*	*	5p	-	33	100364	90500	91732	103539	386135	2960	544	49	57	23	79	40	68	44	40	24	96	10	4	15	8	14	12	8	7	0
*	*	5p	-	34	93404	85110	86817	96511	361842	3135	483	55	92	32	58	33	63	39	27	30	80	13	8	9	5	19	11	11	17	0
*	*	5p	-	35	88068	79525	80208	90475	338276	2988	443	52	51	27	60	39	45	44	48	32	80	8	17	7	8	29	17	6	11	0
*	*	5p	-	36	81798	74168	75359	83758	315083	2932	458	55	61	22	66	43	54	34	35	11	94	8	3	7	5	15	21	13	16	0
*	*	5p	-	37	75430	69246	71701	76001	292378	3010	378	53	67	22	64	47	60	51	47	34	82	8	4	9	8	17	19	10	11	0
*	*	5p	-	38	69958	64332	65919	69857	270066	2698	376	52	61	26	56	40	69	35	45	25	77	6	7	7	10	14	24	11	12	0
*	*	5p	-	39	64803	58428	60938	64737	248906	2638	366	57	57	18	69	32	50	54	22	24	74	13	8	10	8	23	20	8	13	0
*	*	5p	-	40	59131	54308	56002	59779	229220	2327	341	36	51	33	51	48	54	60	40	18	77	13	4	11	7	22	26	9	21	0
*	*	5p	-	41	55059	50156	50695	55379	211289	2267	330	42	50	22	63	32	62	60	37	21	66	8	3	8	6	22	20	11	22	0
*	*	5p	-	42	51186	45914	46227	51839	195166	2109	277	38	53	22	49	39	60	36	27	27	61	6	4	6	7	24	23	14	22	0
*	*	5p	-	43	47241	42068	43296	47886	180491	1972	256	39	54	28	47	38	54	38	26	28	52	6	8	4	7	23	23	19	16	0
*	*	5p	-	44	44106	38998	39681	44881	167666	1869	261	40	36	32	43	34	50	36	30	15	60	6	6	6	5	28	26	17	14	0
*	*	5p	-	45	40673	36115	36770	41918	155476	1721	215	36	41	17	36	37	47	26	27	16	44	5	8	8	3	17	26	9	27	0
*	*	5p	-	46	37765	33652	34755	38167	144339	1571	228	31	30	24	33	21	48	26	27	18	49	9	4	8	7	30	25	12	17	0
*	*	5p	-	47	35227	30999	32280	35267	133773	1545	200	35	37	15	50	32	48	22	32	15	67	6	9	7	5	23	32	12	24	0
*	*	5p	-	48	32372	28672	29796	32863	123703	1420	198	44	41	21	36	32	42	22	34	15	44	6	3	6	5	23	23	18	16	0
*	*	5p	-	49	29545	26892	27615	30182	114234	1293	156	30	38	19	25	27	49	32	31	14	36	5	6	5	4	27	26	19	30	0
*	*	5p	-	50	27270	24867	25358	28024	105519	1225	179	32	35	19	37	28	26	29	27	16	47	4	1	7	8	30	18	19	35	0
*	*	5p	-	51	25457	22554	23204	26493	97708	1089	169	26	24	13	34	27	39	26	35	14	49	2	5	6	5	20	30	12	35	0
*	*	5p	-	52	23833	21026	21400	24253	90512	1022	145	22	29	14	29	32	37	19	25	18	37	3	5	5	7	30	21	22	28	0
*	*	5p	-	53	22226	19458	20057	22493	84234	927	123	37	32	13	28	32	34	27	30	18	46	3	3	2	2	39	25	17	32	0
*	*	5p	-	54	20594	17880	18441	21405	78320	862	119	18	36	20	26	31	32	28	25	8	53	5	3	3	1	37	29	14	36	0
*	*	5p	-	55	19219	16811	17394	19628	73052	806	128	18	25	14	17	33	32	31	24	7	27	7	1	6	3	30	23	15	22	0
*	*	5p	-	56	18117	15747	16031	18220	68115	793	103	25	23	10	27	19	28	25	26	11	34	5	2	2	3	25	23	23	28	0
*	*	5p	-	57	16756	14453	15349	16951	63509	746	115	33	19	15	22	28	20	19	30	18	36	6	1	7	4	28	23	20	27	0
*	*	5p	-	58	15570	13578	14374	15607	59129	681	104	29	15	7	20	19	27	19	16	11	28	5	3	3	6	24	26	17	28	0
*	*	5p	-	59	14562	12685	12944	14645	54836	607	85	18	19	7	24	27	33	22	21	12	24	2	4	4	6	27	22	17	32	0
*	*	5p	-	60	13345	11792	12175	13681	50993	563	108	15	16	12	25	28	26	25	29	9	25	3	2	2	5	31	22	17	23	0
*	*	5p	-	61	12450	11216	11364	12613	47643	545	99	17	7	15	21	27	20	22	17	11	18	2	3	4	4	24	26	12	20	0
*	*	5p	-	62	11966	10287	10319	11926	44498	484	74	22	10	13	20	13	19	18	24	17	19	1	6	5	3	25	15	13	23	0
*	*	5p	-	63	11171	9444	9776	11189	41580	443	78	23	10	6	13	21	19	20	27	11	21	0	0	7	5	24	28	6	22	0
*	*	5p	-	64	10521	8796	9119	10503	38939	443	72	17	12	14	23	17	21	15	19	5	25	2	2	3	1	26	20	13	19	0
*	*	5p	-	65	9644	8460	8639	9838	36581	399	74	10	15	7	14	14	27	15	21	6	9	3	3	2	3	30	11	14	22	0
*	*	5p	-	66	9101	7825	8132	9283	34341	389	52	15	16	10	13	10	21	15	22	9	13	2	4	2	2	23	17	11	24	0
*	*	5p	-	67	8579	7307	7838	8469	32193	368	65	13	7	6	11	18	15	18	11	6	20	0	1	4	1	18	16	16	22	0
*	*	5p	-	68	8087	6981	7185	7969	30222	324	61	8	14	7	9	20	20	12	18	6	15	2	6	1	0	29	13	9	25	0
*	*	5p	-	69	7393	6560	6721	7697	28371	322	64	7	13	9	15	13	19	14	16	9	21	1	1	2	1	13	17	14	29	0
*	*	5p	-	70	7127	6079	6306	7163	26675	320	46	18	13	5	7	15	24	19	16	2	17	1	1	5	1	22	10	17	20	0
