Sample	Library	End	Std	Pos	A	C	G	T	Total	G>A	C>T	A>G	T>C	A>C	A>T	C>G	C>A	T>G	T>A	G>C	G>T	A>-	T>-	C>-	G>-	->A	->T	->C	->G	S
*	*	3p	+	1	77241	118673	118342	99275	413531	16583	776	512	677	207	268	277	469	318	349	206	346	0	0	0	0	0	0	0	0	0
*	*	3p	+	2	103157	96804	108318	105244	413523	7543	550	471	444	164	204	114	342	194	248	144	296	0	0	0	0	0	0	0	0	0
*	*	3p	+	3	128652	89464	94461	100948	413525	4962	462	400	319	144	172	181	209	217	158	78	230	0	0	0	0	0	0	0	0	0
*	*	3p	+	4	106083	99839	92578	115025	413525	3881	519	344	359	145	178	99	187	124	235	93	251	0	0	0	0	0	0	0	0	0
*	*	3p	+	5	109904	91026	92983	119283	413196	3204	512	350	294	107	135	89	213	141	128	62	187	15	11	12	14	118	73	57	81	0
*	*	3p	+	6	111776	92537	93943	114779	413035	2513	527	359	320	99	118	155	120	131	91	49	146	11	20	12	18	120	138	77	153	0
*	*	3p	+	7	110130	96435	94335	112032	412932	2029	530	294	337	78	100	112	102	122	81	48	184	26	14	13	12	147	140	84	223	0
*	*	3p	+	8	110940	94267	99271	108431	412909	1766	498	290	310	105	93	73	99	87	58	69	150	18	17	14	9	141	142	201	132	0
*	*	3p	+	9	109609	97816	99811	105718	412954	1528	562	297	295	71	98	64	108	81	46	46	162	18	14	18	8	99	278	72	122	0
*	*	3p	+	10	106295	100352	101708	104633	412988	1439	466	282	281	70	52	66	116	74	81	45	107	15	7	11	19	271	112	90	67	0
*	*	3p	+	11	106008	99307	102747	104950	413012	1263	448	281	297	82	60	96	79	92	43	36	118	11	10	11	9	88	140	64	225	0
*	*	3p	+	12	107767	98133	100808	106382	413090	1144	445	271	265	55	71	31	133	71	91	36	120	18	12	12	12	261	74	56	47	0
*	*	3p	+	13	106728	99702	99762	107044	413236	1067	445	247	245	53	49	40	95	75	43	40	105	10	10	18	7	94	69	39	88	0
*	*	3p	+	14	107542	97575	99802	108398	413317	982	408	243	236	72	65	36	63	54	42	17	71	11	10	10	8	106	36	44	26	0
*	*	3p	+	15	109000	97609	97536	109222	413367	860	381	238	239	67	47	39	54	59	41	24	73	9	6	11	6	45	47	33	34	0
*	*	3p	+	16	106454	99931	99086	107917	413388	873	404	215	238	59	35	31	78	59	40	29	84	11	9	4	8	53	49	20	21	0
*	*	3p	+	17	106146	100257	98906	108094	413403	786	363	206	224	47	42	29	69	55	29	18	82	10	6	7	5	38	29	27	32	0
*	*	3p	+	18	106415	100586	100090	106338	413429	788	393	210	223	56	46	39	61	42	24	25	80	6	4	7	9	27	30	20	22	0
*	*	3p	+	19	104509	102489	102081	104372	413451	751	379	210	199	41	28	19	56	50	27	22	76	7	4	2	5	21	18	17	23	0
*	*	3p	+	20	104781	101365	102438	104891	413475	663	342	207	200	53	36	22	61	52	20	24	75	7	5	3	3	11	18	10	17	0
*	*	3p	+	21	106197	99768	101906	105612	413483	623	304	210	218	41	34	23	46	45	29	24	66	4	3	5	3	10	13	14	11	0
*	*	3p	+	22	106048	101194	100103	106156	413501	548	389	198	209	38	31	29	55	51	22	14	63	4	4	4	7	11	9	5	5	0
*	*	3p	+	23	108203	99164	98470	107662	413499	575	363	197	190	44	33	21	62	44	20	20	58	8	5	6	3	4	10	7	11	0
*	*	3p	+	24	109503	98749	97240	108017	413509	518	380	228	198	39	29	19	43	37	18	22	52	8	6	7	4	8	8	1	4	0
*	*	3p	+	25	107657	99818	97982	108054	413511	467	379	220	202	52	35	25	53	53	20	20	67	10	7	5	6	7	6	2	5	0
*	*	3p	+	26	107051	100092	98059	108308	413510	477	347	216	208	64	36	14	48	64	17	27	68	10	9	8	8	2	6	4	9	0
*	*	3p	+	27	106596	100970	97906	108036	413508	459	384	219	209	61	26	21	70	60	25	20	60	7	9	8	6	4	6	8	4	0
*	*	3p	+	28	105260	102832	98896	106514	413502	438	407	263	234	54	26	19	46	44	23	29	62	11	7	2	8	7	9	9	4	0
*	*	3p	+	29	105954	101554	98630	107362	413500	459	460	247	260	49	27	24	71	54	34	24	63	9	4	15	2	6	13	9	3	0
*	*	3p	+	30	107573	99848	98749	107329	413499	459	429	261	245	53	26	30	56	46	27	25	71	5	4	5	8	7	7	8	10	0
*	*	3p	+	31	107259	100425	100169	105647	413500	446	439	312	265	71	22	18	53	61	25	27	76	5	3	8	5	10	13	5	3	0
*	*	3p	+	32	102407	94235	93169	100003	389814	676	2947	281	242	70	93	49	76	73	37	46	161	9	10	13	13	12	10	7	7	0
*	*	3p	+	33	97916	88096	85281	94354	365647	639	3034	276	248	66	83	44	89	60	43	58	145	12	6	15	14	20	12	11	19	0
*	*	3p	+	34	91751	83007	80054	87659	342471	599	3121	247	234	81	84	43	81	71	46	51	140	8	11	12	8	25	21	6	15	0
*	*	3p	+	35	85782	77191	74248	83040	320261	559	3121	270	175	92	86	50	79	78	43	51	138	5	14	12	9	24	14	12	15	0
*	*	3p	+	36	79722	72604	69027	77060	298413	512	2936	218	238	76	78	33	77	72	48	50	123	11	8	7	6	21	20	15	12	0
*	*	3p	+	37	71861	68983	65008	71063	276915	511	2903	204	191	71	93	51	71	62	47	51	134	7	13	10	9	19	21	17	12	0
*	*	3p	+	38	65938	63538	60524	65719	255719	492	2759	231	213	61	73	41	85	60	42	48	127	11	12	6	8	23	24	12	14	0
*	*	3p	+	39	61230	58257	55363	60705	235555	420	2562	201	167	63	62	36	64	72	45	42	118	14	9	2	10	27	23	22	10	0
*	*	3p	+	40	56756	53499	51717	54980	216952	407	2461	202	163	59	70	39	75	66	45	36	125	7	3	15	11	27	22	26	17	0
*	*	3p	+	41	53006	48834	46478	51573	199891	366	2199	190	154	58	58	37	64	59	38	47	92	8	7	10	4	24	28	12	17	0
*	*	3p	+	42	49230	44466	43089	47744	184529	397	2051	151	149	47	60	35	56	52	41	28	94	8	11	5	10	20	26	22	18	0
*	*	3p	+	43	45419	41879	39395	44032	170725	345	1977	151	122	41	63	27	53	44	40	37	72	9	9	10	10	25	17	19	16	0
*	*	3p	+	44	42417	38128	36777	41235	158557	331	1840	155	138	37	59	31	42	47	53	37	93	9	12	10	8	25	24	25	20	0
*	*	3p	+	45	39721	35210	33792	38343	147066	270	1639	122	113	35	50	27	47	51	36	23	73	6	3	7	12	22	22	26	13	0
*	*	3p	+	46	36459	33333	31347	35427	136566	243	1646	121	118	45	53	15	44	43	28	32	70	7	10	9	8	22	24	20	12	0
*	*	3p	+	47	33294	31003	29312	32944	126553	226	1416	129	90	40	57	23	51	33	27	21	67	4	9	8	10	20	26	19	11	0
*	*	3p	+	48	31115	28530	26934	30479	117058	218	1408	107	105	39	54	28	38	44	27	35	69	3	8	4	6	18	28	24	13	0
*	*	3p	+	49	28531	26297	25345	28028	108201	212	1311	104	85	48	42	30	46	29	30	35	66	5	9	6	9	22	27	19	16	0
*	*	3p	+	50	26359	24309	23332	25883	99883	183	1172	106	84	32	44	18	44	19	34	29	78	6	5	5	8	17	23	23	13	0
*	*	3p	+	51	24738	22249	21560	23967	92514	181	1101	93	75	28	41	20	38	31	16	30	50	5	2	5	5	24	27	19	18	0
*	*	3p	+	52	22927	20605	19977	22208	85717	171	995	85	79	25	44	21	29	34	18	26	63	5	4	3	8	27	28	18	13	0
*	*	3p	+	53	21407	19293	18282	20880	79862	185	941	84	72	30	39	22	40	25	19	31	51	5	5	3	2	18	20	17	12	0
*	*	3p	+	54	20281	17558	16971	19468	74278	156	821	84	77	30	27	16	40	28	25	23	55	4	4	1	5	15	26	17	12	0
*	*	3p	+	55	18724	16636	16000	17971	69331	141	778	73	77	33	41	11	37	30	16	24	54	5	4	4	4	17	20	18	12	0
*	*	3p	+	56	17277	15390	15002	17040	64709	145	794	68	54	33	47	13	30	14	18	22	41	6	7	4	7	25	20	21	15	0
*	*	3p	+	57	16216	14454	13930	15826	60426	115	694	62	50	28	24	13	31	19	19	27	39	2	4	4	8	28	25	25	11	0
*	*	3p	+	58	14992	13648	12929	14701	56270	133	725	49	53	23	26	17	27	25	18	19	55	4	5	6	5	22	18	21	9	0
*	*	3p	+	59	13819	12583	12079	13736	52217	117	603	58	51	28	27	12	27	11	20	30	39	3	4	6	6	19	23	26	14	0
*	*	3p	+	60	13078	11491	11116	12867	48552	99	574	34	43	26	30	11	14	16	13	22	34	5	3	3	4	24	25	28	17	0
*	*	3p	+	61	12147	10784	10426	11958	45315	88	551	48	49	26	20	16	17	15	15	18	30	4	1	0	3	21	25	30	10	0
*	*	3p	+	62	11511	10123	9527	11183	42344	90	532	44	43	18	20	7	22	18	13	17	26	5	3	3	1	18	28	17	18	0
*	*	3p	+	63	10617	9552	9084	10295	39548	91	487	44	50	14	16	5	18	11	10	17	38	4	2	3	8	18	17	17	14	0
*	*	3p	+	64	9811	8837	8428	9946	37022	82	462	35	47	20	25	2	18	20	10	22	38	6	3	3	1	17	14	23	12	0
*	*	3p	+	65	9458	8177	7915	9231	34781	81	426	32	37	23	23	9	12	12	4	13	28	0	2	3	2	22	20	27	10	0
*	*	3p	+	66	8881	7689	7443	8615	32628	80	413	34	37	16	25	9	10	14	8	14	19	4	5	1	2	16	28	24	10	0
*	*	3p	+	67	8087	7366	6936	8202	30591	70	360	33	32	15	22	4	15	15	5	10	26	2	2	1	3	17	19	16	13	0
*	*	3p	+	68	7678	6823	6522	7723	28746	60	345	24	36	22	16	9	14	7	12	16	21	6	1	1	0	19	12	19	10	0
*	*	3p	+	69	7308	6303	6157	7218	26986	66	336	30	30	19	20	6	12	7	11	16	26	2	3	3	1	11	15	25	11	0
*	*	3p	+	70	6818	6166	5794	6634	25412	57	297	24	33	21	23	7	13	7	5	16	30	2	3	3	4	13	16	15	8	0
*	*	3p	-	1	77054	117147	119480	99042	412723	16857	664	501	687	231	241	304	469	353	322	198	339	0	0	0	0	0	0	0	0	0
*	*	3p	-	2	102039	95621	109839	105203	412702	7632	500	431	428	166	217	128	335	201	266	133	251	0	0	0	0	3	10	1	2	0
*	*	3p	-	3	127502	88793	95071	101315	412681	5134	495	414	386	144	207	184	210	242	155	112	213	0	5	0	2	12	14	5	8	0
*	*	3p	-	4	105617	98509	93845	114600	412571	4041	495	319	386	120	172	93	191	153	178	79	189	3	10	1	2	56	51	16	24	0
*	*	3p	-	5	108860	90118	93427	119730	412135	3054	458	327	348	98	122	96	181	144	126	45	192	5	9	6	7	202	168	85	131	0
*	*	3p	-	6	111089	91896	94286	114805	412076	2480	473	326	337	91	105	125	149	126	83	45	151	18	15	21	17	182	153	96	211	0
*	*	3p	-	7	108962	95298	95417	112415	412092	2154	514	344	295	81	85	109	126	116	65	36	158	19	16	11	18	161	143	97	229	0
*	*	3p	-	8	109828	93566	100310	108424	412128	1984	502	283	299	93	85	83	96	94	58	58	127	19	15	14	20	101	138	207	145	0
*	*	3p	-	9	109800	96447	100106	105833	412186	1550	498	268	267	82	105	68	105	98	57	46	147	8	19	12	16	98	242	73	121	0
*	*	3p	-	10	105528	99459	102936	104323	412246	1479	394	283	290	84	82	54	128	86	84	42	116	11	11	11	11	226	84	102	63	0
*	*	3p	-	11	105904	97839	103406	105171	412320	1247	432	278	279	82	73	105	93	103	38	36	110	13	12	17	13	82	114	50	153	0
*	*	3p	-	12	106904	97669	101906	105935	412414	1176	411	217	276	82	51	52	173	83	128	33	85	9	18	17	9	166	57	39	45	0
*	*	3p	-	13	106860	98519	99826	107316	412521	1108	431	254	288	66	58	83	79	81	42	25	82	10	9	14	5	56	54	26	64	0
*	*	3p	-	14	107377	96827	99919	108433	412556	1020	419	246	222	61	57	35	100	85	57	35	110	8	8	12	6	59	47	29	30	0
*	*	3p	-	15	108671	96608	98634	108685	412598	965	384	228	232	54	40	41	83	74	27	19	87	10	11	9	7	40	29	20	33	0
*	*	3p	-	16	105932	99003	99010	108668	412613	863	383	215	238	48	50	39	70	55	41	25	105	7	9	13	4	34	27	26	21	0
*	*	3p	-	17	105983	98522	99917	108213	412635	870	380	194	210	51	40	38	67	58	35	21	94	6	11	7	7	23	29	18	14	0
*	*	3p	-	18	106101	100017	100408	106118	412644	803	330	203	219	63	38	24	75	58	41	23	73	6	4	7	6	22	25	14	15	0
*	*	3p	-	19	104014	102111	101907	104626	412658	654	379	236	214	45	29	25	57	55	23	21	62	7	8	4	7	18	16	10	18	0
*	*	3p	-	20	103691	100875	103200	104912	412678	687	333	186	209	40	40	40	62	51	32	21	62	5	6	5	10	13	19	5	8	0
*	*	3p	-	21	105434	99606	101991	105660	412691	614	332	177	199	50	36	20	54	39	20	18	64	4	14	6	9	10	5	9	7	0
*	*	3p	-	22	105200	100620	100484	106386	412690	569	341	196	199	38	33	15	41	44	17	16	57	2	4	7	8	8	9	5	11	0
*	*	3p	-	23	107807	98122	98819	107943	412691	535	343	191	204	38	34	19	52	36	24	12	72	7	4	5	9	9	8	6	7	0
*	*	3p	-	24	109773	97411	96713	108801	412698	561	333	178	214	41	37	24	65	51	25	18	67	8	8	7	3	6	7	3	9	0
*	*	3p	-	25	108255	98775	98071	107595	412696	510	333	227	223	47	25	18	59	52	20	12	52	9	5	10	5	7	6	9	4	0
*	*	3p	-	26	106873	99203	98838	107783	412697	487	431	218	230	35	38	22	56	58	23	19	63	10	8	10	6	5	15	5	1	0
*	*	3p	-	27	106343	100046	98215	108091	412695	520	432	226	226	48	33	20	39	47	25	19	54	7	15	4	9	13	6	2	6	0
*	*	3p	-	28	105403	101414	98860	107022	412699	520	398	208	220	49	42	27	62	53	29	18	65	9	12	9	9	6	10	5	3	0
*	*	3p	-	29	105609	100710	98975	107396	412690	486	452	221	239	40	29	32	60	48	24	16	59	15	6	8	12	10	11	10	2	0
*	*	3p	-	30	107327	98409	99465	107494	412695	454	403	218	218	48	34	21	65	62	22	24	70	11	8	7	9	9	8	7	4	0
*	*	3p	-	31	108013	98800	100420	105458	412691	462	482	275	244	61	37	30	75	56	26	22	66	11	8	11	8	6	10	6	10	0
*	*	3p	-	32	102236	93484	93060	100304	389084	682	3001	287	273	64	87	42	82	94	54	45	142	10	15	13	13	12	14	14	11	0
*	*	3p	-	33	98029	87690	85564	94161	365444	626	3099	284	266	80	92	42	88	79	38	60	139	14	20	13	11	9	16	13	13	0
*	*	3p	-	34	90943	82424	81114	87890	342371	603	2956	249	245	75	89	49	109	65	49	54	136	13	14	12	9	12	15	11	12	0
*	*	3p	-	35	85459	76251	75440	82738	319888	603	2947	260	212	65	103	56	101	75	48	40	131	13	11	12	14	19	26	13	4	0
*	*	3p	-	36	79266	71725	69975	76872	297838	525	2875	248	188	60	84	46	77	80	42	42	140	10	11	13	11	13	13	13	18	0
*	*	3p	-	37	70944	68360	65675	71069	276048	526	2877	209	198	62	85	46	89	65	55	41	111	4	18	12	7	16	24	11	13	0
*	*	3p	-	38	65750	62096	60672	66327	254845	512	2668	214	197	71	85	42	84	74	67	34	116	9	10	9	10	34	16	12	7	0
*	*	3p	-	39	61548	57118	55348	60634	234648	457	2498	204	179	63	76	34	68	49	35	49	112	11	13	12	13	22	17	26	16	0
*	*	3p	-	40	55938	52945	51275	55850	216008	451	2427	178	167	44	63	32	80	50	51	43	105	7	11	15	14	8	24	23	11	0
*	*	3p	-	41	52319	47967	47127	51954	199367	401	2190	144	155	53	69	29	56	61	48	45	109	13	11	10	14	21	24	17	7	0
*	*	3p	-	42	49077	43856	43245	47943	184121	350	2014	180	148	59	64	31	77	47	44	44	94	8	10	8	11	29	18	17	17	0
*	*	3p	-	43	45025	41093	39909	44411	170438	350	1906	155	141	53	57	26	45	52	36	32	99	6	7	11	4	24	19	24	13	0
*	*	3p	-	44	42518	37739	36814	41248	158319	298	1722	112	130	45	50	25	55	41	39	34	65	6	7	10	9	32	23	16	12	0
*	*	3p	-	45	39634	34644	34130	38390	146798	277	1646	127	117	37	64	25	58	45	27	36	76	6	11	7	5	20	24	18	16	0
*	*	3p	-	46	35887	32922	32041	35409	136259	283	1592	118	124	39	53	34	60	49	30	28	87	8	2	10	7	18	27	29	18	0
*	*	3p	-	47	33100	30295	29663	33292	126350	228	1469	114	112	43	48	23	52	40	40	35	53	5	6	7	6	25	34	22	12	0
*	*	3p	-	48	30918	28209	26943	30778	116848	241	1418	110	115	24	52	23	41	38	29	35	80	5	10	5	7	29	33	34	11	0
*	*	3p	-	49	28345	26448	25057	28157	108007	237	1314	101	108	37	43	24	45	33	28	33	66	10	5	8	9	17	29	31	13	0
*	*	3p	-	50	26616	24120	23429	25810	99975	181	1142	89	84	33	37	24	38	30	18	41	54	5	6	7	5	21	33	18	12	0
*	*	3p	-	51	24835	21791	21593	24221	92440	217	1020	78	80	37	41	26	32	26	24	43	55	7	6	4	6	26	28	20	13	0
*	*	3p	-	52	22863	20569	19949	22207	85588	182	991	73	76	29	33	17	33	21	28	18	37	1	7	5	5	24	37	26	14	0
*	*	3p	-	53	21329	18834	18397	20944	79504	153	966	69	72	33	46	20	28	33	15	12	53	7	5	7	5	21	28	33	10	0
*	*	3p	-	54	20270	17618	16752	19436	74076	148	852	84	68	31	36	14	29	20	18	18	38	2	3	5	2	22	21	30	14	0
*	*	3p	-	55	18553	16234	16218	18149	69154	139	790	50	67	24	33	21	26	27	12	23	56	3	1	5	2	25	27	19	8	0
*	*	3p	-	56	17170	15213	14817	17139	64339	141	790	53	65	29	34	16	26	24	20	21	49	4	8	2	5	26	20	25	10	0
*	*	3p	-	57	16058	14309	13949	15670	59986	127	742	51	58	26	41	11	26	17	8	25	50	4	1	0	5	15	21	21	20	0
*	*	3p	-	58	14926	13358	13066	14580	55930	117	694	55	49	25	29	12	18	12	15	19	38	2	2	2	3	14	28	25	10	0
*	*	3p	-	59	13834	12363	11990	13869	52056	109	615	61	59	21	26	13	22	16	22	25	38	2	3	0	1	18	27	23	9	0
*	*	3p	-	60	12948	11591	11131	12659	48329	108	517	50	65	22	28	13	13	15	17	14	44	4	5	1	1	15	20	29	11	0
*	*	3p	-	61	12004	10847	10510	11807	45168	112	517	56	31	18	27	13	27	14	11	25	35	5	5	1	4	19	24	24	6	0
*	*	3p	-	62	11177	9839	9750	11311	42077	99	488	42	48	25	26	9	24	12	14	16	33	3	3	2	7	22	31	17	14	0
*	*	3p	-	63	10614	9102	9099	10535	39350	88	471	43	34	17	25	13	19	13	9	19	21	2	1	3	4	20	18	25	16	0
*	*	3p	-	64	9871	8837	8417	9743	36868	99	440	36	41	15	18	7	14	11	13	21	31	2	1	2	4	14	19	21	13	0
*	*	3p	-	65	9325	8123	7984	9211	34643	80	428	30	38	11	31	8	18	10	15	21	32	4	2	0	1	14	18	22	7	0
*	*	3p	-	66	8830	7629	7384	8704	32547	58	385	34	32	18	23	12	12	13	8	12	27	2	1	2	3	18	18	17	11	0
*	*	3p	-	67	8112	7230	6950	8211	30503	73	406	25	34	20	17	6	10	10	7	16	28	2	2	4	3	10	25	19	9	0
*	*	3p	-	68	7639	6780	6583	7615	28617	52	345	17	37	15	19	4	14	10	10	21	31	4	2	2	4	11	17	18	12	0
*	*	3p	-	69	7237	6360	6133	7197	26927	61	322	20	24	20	26	4	15	18	7	18	23	2	3	5	2	16	14	12	9	0
*	*	3p	-	70	6817	6011	5728	6763	25319	53	290	33	28	19	19	3	10	10	10	17	20	3	0	0	3	15	14	18	7	0
*	*	5p	+	1	100896	122210	112050	78375	413531	608	16694	661	478	315	264	236	244	192	167	240	435	0	0	0	0	0	0	0	0	0
*	*	5p	+	2	104961	108996	98431	101030	413418	427	7362	466	403	175	264	134	198	162	154	96	318	0	0	0	0	10	6	1	3	0
*	*	5p	+	3	103914	96747	88987	123834	413482	380	5128	349	369	190	176	51	149	142	125	181	222	2	4	0	0	17	12	8	8	0
*	*	5p	+	4	114578	95106	98596	105118	413398	433	3929	350	328	130	225	65	147	149	112	62	258	4	7	2	0	48	52	17	12	0
*	*	5p	+	5	117575	94701	92706	108087	413069	412	2970	320	283	109	153	56	129	74	71	88	205	10	5	3	8	109	178	103	57	0
*	*	5p	+	6	114629	95658	92630	110108	413025	415	2485	290	310	129	105	39	95	89	75	100	140	17	13	18	19	123	119	204	60	0
*	*	5p	+	7	113512	95410	95380	108760	413062	496	2154	286	295	121	92	42	96	79	55	108	159	13	17	16	15	92	117	201	59	0
*	*	5p	+	8	108449	100783	94133	109721	413086	420	1920	318	271	76	73	74	88	95	37	76	104	10	15	13	10	76	62	102	196	0
*	*	5p	+	9	105700	100696	96861	109868	413125	466	1575	236	272	93	56	29	104	70	68	61	129	11	14	9	9	223	46	102	35	0
*	*	5p	+	10	105331	102744	98852	106251	413178	413	1496	279	258	76	102	29	80	68	54	50	144	5	13	8	11	47	207	36	63	0
*	*	5p	+	11	105340	103437	98579	105886	413242	411	1191	260	277	111	66	25	61	67	48	106	93	9	5	9	17	84	27	152	26	0
*	*	5p	+	12	106378	101730	97948	107242	413298	346	1205	264	251	64	135	26	62	69	32	43	186	6	4	8	11	30	159	28	16	0
*	*	5p	+	13	107104	101462	98730	106114	413410	360	1095	250	253	71	53	30	57	57	38	61	93	14	3	11	10	29	29	49	14	0
*	*	5p	+	14	108615	100467	97090	107277	413449	382	970	242	231	57	58	23	72	55	32	38	111	8	6	8	8	19	39	12	12	0
*	*	5p	+	15	108504	99623	96854	108492	413473	360	942	246	241	55	47	22	69	54	30	36	73	13	3	6	5	12	18	14	14	0
*	*	5p	+	16	107775	99934	98913	106867	413489	359	873	221	227	59	40	20	65	49	29	27	78	10	5	7	5	10	11	14	7	0
*	*	5p	+	17	108294	99900	99528	105778	413500	320	780	197	175	61	48	16	42	46	17	25	70	7	4	7	1	7	11	3	10	0
*	*	5p	+	18	106838	100991	99648	106026	413503	306	739	205	204	54	26	18	52	40	24	23	62	5	4	2	5	10	5	3	10	0
*	*	5p	+	19	104902	102012	101488	105098	413500	295	672	207	190	43	35	12	54	55	25	27	54	6	8	3	6	5	11	6	8	0
*	*	5p	+	20	105355	103059	99946	105149	413509	308	641	202	209	54	27	22	48	51	20	19	56	9	11	3	5	7	9	3	3	0
*	*	5p	+	21	105983	102042	99508	105969	413502	323	643	239	197	41	23	19	46	38	27	20	58	13	5	2	6	10	7	5	6	0
*	*	5p	+	22	106152	101247	100103	105999	413501	309	599	218	224	52	26	15	39	40	22	20	62	3	5	5	7	11	6	6	7	0
*	*	5p	+	23	108329	99647	98334	107180	413490	357	587	258	233	57	29	16	54	50	23	20	58	7	8	8	9	15	14	6	6	0
*	*	5p	+	24	108524	97870	98294	108808	413496	368	599	235	228	51	32	27	68	42	20	22	76	8	5	6	6	10	16	6	3	0
*	*	5p	+	25	107442	98799	98792	108466	413499	358	551	257	222	55	31	20	64	53	34	19	68	10	13	3	8	6	10	8	8	0
*	*	5p	+	26	107405	99215	99680	107198	413498	363	543	242	238	51	36	28	48	43	22	29	55	11	11	4	11	10	10	8	5	0
*	*	5p	+	27	108390	98459	99505	107133	413487	382	507	225	237	49	35	25	50	55	14	15	67	11	5	6	5	11	15	8	10	0
*	*	5p	+	28	107531	99340	100768	105850	413489	400	514	220	211	38	30	19	44	53	22	24	74	12	7	8	10	15	10	11	6	0
*	*	5p	+	29	108679	99054	99409	106349	413491	370	450	230	237	61	27	17	48	46	24	25	74	12	5	6	9	10	11	9	10	0
*	*	5p	+	30	108673	98701	98372	107745	413491	434	469	234	249	49	36	28	54	58	28	23	75	6	15	10	10	12	12	9	7	0
*	*	5p	+	31	106478	100770	99021	107216	413485	449	486	220	252	44	35	16	70	57	26	29	64	12	7	10	15	18	9	13	6	0
*	*	5p	+	32	100824	93513	93358	102105	389800	2971	710	276	268	65	81	55	115	64	50	40	129	5	9	13	18	14	19	11	10	0
*	*	5p	+	33	95228	85677	87087	97670	365662	3002	710	256	262	62	87	59	92	89	68	37	137	9	10	10	12	18	13	10	8	0
*	*	5p	+	34	88671	80777	81980	91058	342486	3019	708	251	268	65	89	56	94	67	57	49	145	19	12	8	9	18	16	11	12	0
*	*	5p	+	35	83525	75484	76102	85158	320269	2927	611	227	219	76	67	60	95	70	61	32	128	16	16	10	8	16	22	11	13	0
*	*	5p	+	36	77686	70542	71433	78768	298429	2885	610	225	220	66	70	52	87	69	66	35	120	10	10	11	13	17	19	9	14	0
*	*	5p	+	37	71385	65937	67931	71669	276922	2912	552	225	236	58	77	55	100	73	59	40	131	14	9	11	10	17	26	10	10	0
*	*	5p	+	38	66238	61125	62509	65848	255720	2641	540	187	206	66	65	43	105	72	52	29	122	20	7	8	7	15	27	12	17	0
*	*	5p	+	39	61197	55545	57544	61286	235572	2646	509	198	203	53	78	35	82	82	51	41	110	7	7	9	5	21	24	7	19	0
*	*	5p	+	40	56209	51566	52831	56370	216976	2335	465	179	208	49	59	60	72	78	42	34	117	9	7	10	8	26	17	11	20	0
*	*	5p	+	41	52093	47763	47831	52207	199894	2188	459	179	158	33	65	54	85	72	41	36	103	7	6	12	4	32	15	10	23	0
*	*	5p	+	42	48574	43373	43733	48847	184527	2051	419	165	149	49	61	38	83	56	42	38	95	11	6	12	8	28	24	17	21	0
*	*	5p	+	43	44517	40218	40953	45026	170714	1979	384	141	161	48	58	33	73	57	35	27	81	5	6	11	9	21	33	19	16	0
*	*	5p	+	44	41603	37228	37619	42117	158567	1778	345	139	137	61	56	38	53	48	40	26	77	8	2	7	9	36	19	8	22	0
*	*	5p	+	45	38429	34217	34759	39655	147060	1675	310	112	123	38	45	42	59	48	33	24	70	7	4	8	10	29	22	10	27	0
*	*	5p	+	46	35826	31807	32887	36025	136545	1579	322	143	116	33	43	28	62	45	40	26	69	7	6	7	4	37	24	13	26	0
*	*	5p	+	47	33260	29281	30640	33350	126531	1502	281	132	102	30	55	41	60	38	45	24	83	6	5	3	7	31	27	16	24	0
*	*	5p	+	48	30686	27163	28103	31082	117034	1403	271	109	110	33	44	32	56	36	30	20	76	6	4	7	5	33	28	18	27	0
*	*	5p	+	49	28060	25635	26136	28339	108170	1307	232	99	91	34	37	31	60	50	39	16	48	6	8	6	5	30	39	18	26	0
*	*	5p	+	50	25916	23677	23933	26318	99844	1191	228	100	95	28	48	28	42	39	22	13	64	5	5	4	7	39	22	18	35	0
*	*	5p	+	51	24228	21549	22049	24670	92496	1084	220	95	83	29	41	26	45	36	41	14	80	4	2	8	2	31	31	10	34	0
*	*	5p	+	52	22452	19983	20384	22883	85702	1021	209	70	98	18	26	28	48	25	33	30	49	9	1	4	2	34	17	18	30	0
*	*	5p	+	53	21077	18581	18888	21278	79824	973	198	80	71	33	36	30	35	35	31	23	64	8	4	1	5	35	22	16	34	0
*	*	5p	+	54	19481	17131	17545	20100	74257	850	186	62	78	26	38	35	45	42	29	19	56	5	3	7	3	31	22	11	28	0
*	*	5p	+	55	18243	15889	16492	18701	69325	814	162	73	65	18	31	35	34	48	25	9	44	7	4	7	7	17	27	11	18	0
*	*	5p	+	56	17118	15053	15284	17260	64715	760	165	52	61	15	28	26	39	30	44	13	41	0	1	2	4	19	23	16	18	0
*	*	5p	+	57	16026	13880	14520	16014	60440	723	150	69	62	24	19	28	37	30	33	18	39	5	4	3	3	24	17	15	22	0
*	*	5p	+	58	14791	13050	13620	14795	56256	658	156	64	46	19	22	19	24	35	21	11	50	0	4	5	3	29	19	10	26	0
*	*	5p	+	59	13753	12128	12387	13948	52216	637	132	57	60	10	33	25	32	25	23	12	23	3	7	2	2	25	24	10	23	0
*	*	5p	+	60	12753	11230	11643	12954	48580	582	123	43	54	11	34	28	30	23	24	11	29	1	3	4	6	23	19	7	18	0
*	*	5p	+	61	11910	10557	10826	12037	45330	537	113	55	42	19	28	23	24	19	24	10	28	3	3	4	6	22	16	13	18	0
*	*	5p	+	62	11293	9836	9821	11394	42344	519	109	43	37	15	22	16	32	28	21	11	26	3	5	3	2	27	14	14	25	0
*	*	5p	+	63	10728	8890	9279	10649	39546	441	102	47	39	15	16	16	24	31	26	11	27	4	3	2	2	25	20	8	16	0
*	*	5p	+	64	9870	8473	8733	9952	37028	481	107	43	31	15	18	21	27	23	17	9	36	1	5	4	2	20	18	14	10	0
*	*	5p	+	65	9327	7936	8255	9287	34805	393	96	41	31	15	14	15	36	15	25	11	20	4	4	3	2	22	13	10	11	0
*	*	5p	+	66	8642	7420	7725	8858	32645	402	83	37	34	10	12	15	23	23	16	10	16	2	4	2	4	17	14	12	20	0
*	*	5p	+	67	8123	7155	7332	7985	30595	364	87	34	30	10	18	21	21	11	12	7	21	3	1	3	1	15	12	12	23	0
*	*	5p	+	68	7749	6679	6761	7547	28736	316	69	32	32	10	14	20	27	14	18	11	15	5	1	1	2	25	14	10	21	0
*	*	5p	+	69	7009	6208	6447	7315	26979	313	72	34	31	13	12	11	15	18	18	12	20	1	5	3	2	22	14	9	24	0
*	*	5p	+	70	6717	5850	6070	6763	25400	338	71	35	27	13	11	23	24	6	17	7	24	5	3	6	0	23	10	7	24	0
*	*	5p	-	1	101154	120478	113229	77862	412723	641	16399	605	483	310	279	228	254	189	180	247	444	0	0	0	0	0	0	0	0	0
*	*	5p	-	2	104288	107098	99526	101718	412630	422	7215	449	370	167	276	150	184	173	154	99	353	0	0	0	0	0	0	0	0	0
*	*	5p	-	3	103462	96027	89388	123845	412722	395	4953	310	424	196	185	86	153	144	112	191	215	0	0	0	0	0	0	0	0	0
*	*	5p	-	4	113868	94631	98794	105426	412719	429	3855	337	297	101	250	64	158	146	98	67	267	0	0	0	0	0	0	0	0	0
*	*	5p	-	5	117612	93534	93213	108070	412429	451	3024	276	332	105	143	53	130	91	92	75	202	10	6	7	12	70	116	60	31	0
*	*	5p	-	6	114182	94693	93830	109617	412322	447	2477	304	316	139	110	59	122	97	70	120	146	15	11	9	8	92	89	174	43	0
*	*	5p	-	7	113054	94363	96065	108791	412273	458	2075	319	324	133	129	31	119	62	59	90	135	17	7	13	15	90	109	192	59	0
*	*	5p	-	8	108120	99324	94323	110497	412264	396	1849	317	278	96	69	72	93	81	58	65	133	9	15	14	14	92	62	93	202	0
*	*	5p	-	9	106181	99731	96858	109504	412274	468	1556	235	257	78	64	39	108	67	60	71	99	9	13	17	15	239	55	111	44	0
*	*	5p	-	10	105235	101516	99238	106283	412272	434	1439	266	251	54	90	36	80	75	39	42	134	12	11	12	7	71	254	45	81	0
*	*	5p	-	11	105298	102490	98606	105920	412314	380	1230	290	281	75	50	31	61	76	35	79	111	8	12	4	11	100	41	249	19	0
*	*	5p	-	12	106182	100515	98480	107192	412369	353	1181	236	255	66	112	20	68	73	46	44	136	10	12	6	7	43	255	33	23	0
*	*	5p	-	13	106514	100413	98688	106897	412512	382	1094	224	264	52	61	23	77	64	43	42	85	13	8	16	9	33	62	94	22	0
*	*	5p	-	14	108019	99451	97613	107494	412577	419	966	219	201	59	64	30	68	56	39	25	100	9	4	13	14	23	86	24	13	0
*	*	5p	-	15	108563	98115	97229	108724	412631	360	904	216	222	55	42	17	61	60	34	26	76	9	11	11	9	24	36	19	13	0
*	*	5p	-	16	108075	98528	99435	106619	412657	350	814	243	213	46	39	19	77	47	29	18	81	10	8	6	6	16	21	15	14	0
*	*	5p	-	17	107437	99137	99742	106368	412684	336	755	202	187	48	33	15	65	63	27	17	49	2	9	3	5	12	13	8	6	0
*	*	5p	-	18	105909	99858	100043	106870	412680	331	756	207	217	36	37	17	50	54	14	22	61	2	8	7	8	14	13	10	6	0
*	*	5p	-	19	104686	101011	101799	105192	412688	322	690	191	197	46	31	19	55	44	30	18	54	8	11	4	8	14	7	6	8	0
*	*	5p	-	20	104591	102052	100584	105470	412697	330	656	185	226	44	22	13	36	43	16	17	66	8	9	3	4	4	9	5	8	0
*	*	5p	-	21	105616	101066	99597	106423	412702	309	638	171	204	48	25	14	41	32	15	25	55	5	2	2	6	9	2	5	5	0
*	*	5p	-	22	105524	99862	100975	106351	412712	295	541	178	172	31	20	20	49	35	18	18	41	6	8	2	6	6	1	2	2	0
*	*	5p	-	23	107559	98774	98881	107495	412709	358	606	226	237	50	32	27	46	47	30	21	59	3	4	7	8	2	6	4	2	0
*	*	5p	-	24	108184	97318	98377	108825	412704	389	556	244	259	59	35	23	49	60	18	30	66	2	8	7	8	8	4	2	5	0
*	*	5p	-	25	107311	97811	99557	108022	412701	401	510	231	236	52	40	19	58	48	28	21	54	6	7	7	7	5	7	2	8	0
*	*	5p	-	26	107458	98200	100175	106866	412699	375	482	244	248	55	42	17	45	50	24	25	77	9	8	8	11	4	10	6	4	0
*	*	5p	-	27	107693	97450	100274	107276	412693	392	507	224	232	52	35	24	59	55	27	28	76	9	6	11	6	5	13	3	9	0
*	*	5p	-	28	106844	98092	101591	106164	412691	424	470	240	211	41	36	26	59	55	21	11	68	12	11	9	2	11	4	7	10	0
*	*	5p	-	29	108617	98098	99573	106409	412697	409	418	240	221	59	23	33	55	44	27	23	68	10	7	8	6	11	6	4	5	0
*	*	5p	-	30	108194	97910	99184	107410	412698	444	456	234	215	52	36	29	80	63	29	17	75	7	2	9	3	7	7	6	5	0
*	*	5p	-	31	106527	99469	99710	106994	412700	426	480	249	241	59	39	28	71	59	36	25	77	6	10	5	9	7	8	4	4	0
*	*	5p	-	32	100104	92785	94315	101912	389116	3114	752	259	295	78	75	65	110	85	42	40	140	9	11	13	9	11	8	2	4	0
*	*	5p	-	33	94490	85551	87800	97610	365451	3134	715	246	284	56	92	53	134	83	58	49	131	12	10	9	8	13	16	9	11	0
*	*	5p	-	34	88263	79784	82809	91503	342359	3131	647	245	278	73	75	48	104	80	57	36	109	5	8	11	14	16	17	7	20	0
*	*	5p	-	35	82608	74559	76877	85838	319882	3038	603	230	261	76	77	54	81	87	64	51	134	10	8	12	10	28	18	15	8	0
*	*	5p	-	36	76668	69557	72357	79256	297838	2985	623	237	218	52	80	52	101	83	57	28	127	9	14	6	13	22	18	9	8	0
*	*	5p	-	37	71236	65018	67999	71791	276044	2927	520	215	217	55	85	55	79	96	50	45	116	9	12	10	7	17	16	14	15	0
*	*	5p	-	38	65851	60468	62692	65834	254845	2789	520	174	208	63	71	51	89	65	50	39	98	3	6	10	15	14	24	10	14	0
*	*	5p	-	39	60510	55118	57798	61227	234653	2636	487	202	195	50	77	45	102	75	40	28	104	6	17	12	5	26	22	15	15	0
*	*	5p	-	40	55202	51095	53283	56431	216011	2392	474	173	208	57	72	42	84	74	53	31	97	6	7	8	8	13	28	11	16	0
*	*	5p	-	41	51862	46924	48270	52316	199372	2330	466	146	182	55	94	46	88	85	55	29	111	4	10	4	11	18	21	17	14	0
*	*	5p	-	42	47892	43272	44024	48937	184125	2089	383	154	177	64	51	57	63	56	48	37	88	8	7	10	12	21	27	15	16	0
*	*	5p	-	43	44515	39305	41215	45390	170425	1988	340	126	165	39	60	42	71	58	44	36	80	11	10	12	9	18	26	20	32	0
*	*	5p	-	44	41411	36516	37803	42594	158324	1805	335	130	125	49	54	46	75	44	36	16	88	9	11	7	1	24	29	10	19	0
*	*	5p	-	45	38519	33894	34997	39383	146793	1665	322	119	127	35	57	39	55	38	28	22	69	8	10	4	9	28	28	16	15	0
*	*	5p	-	46	35395	31676	33225	35967	136263	1545	292	107	125	35	49	33	70	44	38	22	66	8	2	6	12	26	27	19	19	0
*	*	5p	-	47	33215	29214	30594	33335	126358	1491	254	89	121	38	49	35	56	50	45	16	67	5	10	10	4	20	21	17	30	0
*	*	5p	-	48	30539	26891	28399	31043	116872	1448	241	123	94	35	52	37	52	50	43	14	53	10	6	7	7	27	22	14	20	0
*	*	5p	-	49	27993	25080	26492	28433	107998	1293	244	86	113	33	45	30	58	42	31	21	49	8	4	6	5	37	31	18	18	0
*	*	5p	-	50	25790	23358	24145	26673	99966	1203	220	92	99	30	40	32	47	32	45	20	58	6	12	6	7	26	24	26	20	0
*	*	5p	-	51	24233	21188	22213	24790	92424	1177	201	75	87	27	33	28	69	36	34	25	53	5	6	3	10	19	26	19	39	0
*	*	5p	-	52	22455	19837	20568	22728	85588	1039	201	77	75	22	34	34	40	34	31	10	50	6	15	2	7	33	21	19	30	0
*	*	5p	-	53	20931	18403	18834	21334	79502	928	191	66	81	20	28	34	32	40	27	10	39	4	13	5	4	28	26	15	24	0
*	*	5p	-	54	19483	16867	17588	20137	74075	883	164	76	90	27	26	40	44	33	34	16	54	7	7	2	2	31	20	14	24	0
*	*	5p	-	55	18245	15986	16612	18313	69156	811	159	80	85	25	27	33	37	32	32	11	34	5	4	5	3	25	20	14	18	0
*	*	5p	-	56	16849	14805	15264	17415	64333	795	136	67	67	16	25	24	48	27	20	9	38	7	5	6	2	29	17	16	27	0
*	*	5p	-	57	15712	13786	14434	16047	59979	724	151	67	47	20	32	22	46	39	24	17	36	10	1	7	5	24	20	12	29	0
*	*	5p	-	58	14692	12861	13610	14762	55925	712	137	56	65	13	29	32	39	26	27	9	30	8	1	5	5	23	22	13	27	0
*	*	5p	-	59	13661	11983	12547	13861	52052	639	128	56	51	19	29	20	48	28	30	14	25	10	6	5	5	28	20	9	24	0
*	*	5p	-	60	12585	11153	11595	12982	48315	588	130	45	47	23	24	23	35	35	30	10	34	4	6	6	5	29	19	15	28	0
*	*	5p	-	61	11809	10479	10888	11969	45145	580	104	44	47	12	15	19	34	36	23	17	26	5	3	5	5	26	25	12	33	0
*	*	5p	-	62	11101	9784	9866	11324	42075	503	99	41	44	17	24	17	31	26	34	18	33	4	5	5	6	37	21	9	20	0
*	*	5p	-	63	10370	9152	9130	10694	39346	494	111	44	43	17	14	25	29	23	24	13	26	1	4	6	5	18	30	13	22	0
*	*	5p	-	64	9775	8434	8687	9963	36859	460	100	47	34	11	22	26	29	16	17	9	23	4	4	4	6	21	13	16	29	0
*	*	5p	-	65	9016	7992	8189	9431	34628	425	84	35	42	13	18	16	28	27	28	8	14	5	4	3	4	18	15	11	34	0
*	*	5p	-	66	8578	7437	7754	8766	32535	400	78	45	28	13	14	17	32	14	19	13	16	2	4	5	0	23	21	10	23	0
*	*	5p	-	67	8002	6890	7505	8096	30493	391	79	45	25	8	13	23	26	22	15	4	27	1	2	3	2	25	16	14	20	0
*	*	5p	-	68	7706	6491	6769	7649	28615	322	78	30	36	11	10	18	25	12	13	6	27	4	8	1	4	24	10	4	26	0
*	*	5p	-	69	7169	6078	6448	7235	26930	332	68	33	20	13	11	13	27	18	21	6	20	2	2	6	2	16	13	8	13	0
*	*	5p	-	70	6709	5744	6078	6797	25328	328	76	38	35	11	11	16	19	25	7	3	13	1	1	4	3	14	11	6	15	0
